  360  -90      4.700000
  360  -85      4.664156
  360  -80      4.654330
  360  -75      4.718070
  360  -70      4.800000
  360  -65      4.900000
  360  -60      5.000000
  360  -55      5.116734
  360  -50      5.300000
  360  -45      5.687993
  360  -40      6.060294
  360  -35      6.511847
  360  -30      6.998018
  360  -25      7.600000
  360  -20      8.000000
  360  -15      8.541132
  360  -10      9.231618
  360   -5      9.950000
  360    0     10.459560
  360    5     10.700000
  360   10     10.200000
  360   15      9.231316
  360   20      8.570468
  360   25      7.944638
  360   30      7.466968
  360   35      6.879181
  360   40      6.261847
  360   45      5.579827
  360   50      5.000000
  360   55      4.650000
  360   60      4.425457
  360   65      4.282920
  360   70      4.200000
  360   75      4.119512
  360   80      4.094959
  360   85      4.141245
  360   90      4.250000
  355  -90      4.700000
  355  -85      4.665935
  355  -80      4.657735
  355  -75      4.685715
  355  -70      4.781035
  355  -65      4.870222
  355  -60      4.999875
  355  -55      5.153239
  355  -50      5.396445
  355  -45      5.673614
  355  -40      6.034357
  355  -35      6.470944
  355  -30      6.890956
  355  -25      7.450000
  355  -20      7.800000
  355  -15      8.200000
  355  -10      8.793933
  355   -5      9.500000
  355    0     10.050000
  355    5     10.300000
  355   10     10.100000
  355   15      9.500000
  355   20      8.850000
  355   25      8.084839
  355   30      7.490961
  355   35      6.768539
  355   40      6.200000
  355   45      5.485235
  355   50      4.970000
  355   55      4.624526
  355   60      4.327500
  355   65      4.204277
  355   70      4.167140
  355   75      4.110803
  355   80      4.095925
  355   85      4.141752
  355   90      4.250000
  350  -90      4.700000
  350  -85      4.667569
  350  -80      4.660552
  350  -75      4.654593
  350  -70      4.739183
  350  -65      4.843055
  350  -60      4.979284
  350  -55      5.139706
  350  -50      5.373528
  350  -45      5.644009
  350  -40      5.983900
  350  -35      6.365735
  350  -30      6.734871
  350  -25      7.246364
  350  -20      7.634535
  350  -15      8.068725
  350  -10      8.683334
  350   -5      9.150000
  350    0      9.600000
  350    5      9.800000
  350   10      9.800000
  350   15      9.300000
  350   20      8.590520
  350   25      7.961808
  350   30      7.444041
  350   35      6.680698
  350   40      6.165308
  350   45      5.485075
  350   50      4.930846
  350   55      4.527180
  350   60      4.242130
  350   65      4.137592
  350   70      4.138083
  350   75      4.091764
  350   80      4.098350
  350   85      4.143040
  350   90      4.250000
  345  -90      4.700000
  345  -85      4.669065
  345  -80      4.662809
  345  -75      4.624619
  345  -70      4.698593
  345  -65      4.821770
  345  -60      4.953347
  345  -55      5.116713
  345  -50      5.332860
  345  -45      5.586074
  345  -40      5.898101
  345  -35      6.229682
  345  -30      6.580112
  345  -25      6.995702
  345  -20      7.436448
  345  -15      7.873670
  345  -10      8.341671
  345   -5      8.615440
  345    0      8.800000
  345    5      8.930000
  345   10      9.000000
  345   15      8.600000
  345   20      8.226019
  345   25      7.700000
  345   30      7.250000
  345   35      6.634264
  345   40      6.050000
  345   45      5.441767
  345   50      4.930000
  345   55      4.506159
  345   60      4.173446
  345   65      4.085746
  345   70      4.113796
  345   75      4.076844
  345   80      4.102214
  345   85      4.145099
  345   90      4.250000
  340  -90      4.700000
  340  -85      4.670434
  340  -80      4.664552
  340  -75      4.595657
  340  -70      4.659040
  340  -65      4.771924
  340  -60      4.930644
  340  -55      5.090037
  340  -50      5.279082
  340  -45      5.500048
  340  -40      5.781772
  340  -35      6.113354
  340  -30      6.464862
  340  -25      6.848621
  340  -20      7.157498
  340  -15      7.505994
  340  -10      7.900000
  340   -5      8.000000
  340    0      8.060000
  340    5      8.100000
  340   10      8.000000
  340   15      7.900000
  340   20      7.650000
  340   25      7.300000
  340   30      6.900000
  340   35      6.242411
  340   40      5.795726
  340   45      5.299878
  340   50      4.839426
  340   55      4.435985
  340   60      4.124790
  340   65      4.051036
  340   70      4.095173
  340   75      4.066537
  340   80      4.107488
  340   85      4.147912
  340   90      4.250000
  335  -90      4.700000
  335  -85      4.671692
  335  -80      4.665842
  335  -75      4.567530
  335  -70      4.620233
  335  -65      4.719532
  335  -60      4.867194
  335  -55      5.019234
  335  -50      5.171804
  335  -45      5.353495
  335  -40      5.649178
  335  -35      5.956316
  335  -30      6.322121
  335  -25      6.629214
  335  -20      6.844827
  335  -15      7.200000
  335  -10      7.350000
  335   -5      7.350000
  335    0      7.320000
  335    5      7.270000
  335   10      7.220000
  335   15      7.050000
  335   20      6.900000
  335   25      6.541298
  335   30      6.327229
  335   35      5.803942
  335   40      5.540000
  335   45      5.091537
  335   50      4.723616
  335   55      4.357203
  335   60      4.098525
  335   65      4.035048
  335   70      4.083000
  335   75      4.061261
  335   80      4.114128
  335   85      4.151460
  335   90      4.250000
  330  -90      4.700000
  330  -85      4.672856
  330  -80      4.666754
  330  -75      4.540031
  330  -70      4.581837
  330  -65      4.666805
  330  -60      4.795094
  330  -55      4.908265
  330  -50      5.041273
  330  -45      5.198978
  330  -40      5.480293
  330  -35      5.755627
  330  -30      6.060000
  330  -25      6.324651
  330  -20      6.450000
  330  -15      6.600000
  330  -10      6.470000
  330   -5      6.320000
  330    0      6.170000
  330    5      6.120000
  330   10      6.090000
  330   15      6.100000
  330   20      6.100000
  330   25      5.950000
  330   30      5.766968
  330   35      5.421409
  330   40      5.230000
  330   45      4.915551
  330   50      4.580846
  330   55      4.274753
  330   60      4.095898
  330   65      4.038565
  330   70      4.077909
  330   75      4.061331
  330   80      4.122078
  330   85      4.155712
  330   90      4.250000
  325  -90      4.700000
  325  -85      4.673946
  325  -80      4.667375
  325  -75      4.542892
  325  -70      4.586387
  325  -65      4.666942
  325  -60      4.766779
  325  -55      4.856754
  325  -50      4.967867
  325  -45      5.099441
  325  -40      5.334912
  325  -35      5.650000
  325  -30      5.900000
  325  -25      6.070000
  325  -20      6.136104
  325  -15      6.143721
  325  -10      6.050000
  325   -5      5.869130
  325    0      5.700000
  325    5      5.620000
  325   10      5.600000
  325   15      5.560000
  325   20      5.600000
  325   25      5.550000
  325   30      5.486768
  325   35      5.270038
  325   40      5.040000
  325   45      4.760512
  325   50      4.465862
  325   55      4.248384
  325   60      4.081293
  325   65      4.031799
  325   70      4.056572
  325   75      4.049124
  325   80      4.119383
  325   85      4.154693
  325   90      4.250000
  320  -90      4.700000
  320  -85      4.674988
  320  -80      4.667800
  320  -75      4.534562
  320  -70      4.582106
  320  -65      4.647939
  320  -60      4.732145
  320  -55      4.803586
  320  -50      4.892767
  320  -45      4.998554
  320  -40      5.162334
  320  -35      5.310000
  320  -30      5.500000
  320  -25      5.650000
  320  -20      5.763103
  320  -15      5.830000
  320  -10      5.800000
  320   -5      5.500000
  320    0      5.400000
  320    5      5.330000
  320   10      5.320000
  320   15      5.320000
  320   20      5.350000
  320   25      5.350000
  320   30      5.192032
  320   35      5.060000
  320   40      4.900000
  320   45      4.690000
  320   50      4.440130
  320   55      4.235979
  320   60      4.089244
  320   65      4.043579
  320   70      4.043015
  320   75      4.042555
  320   80      4.117858
  320   85      4.154308
  320   90      4.250000
  315  -90      4.700000
  315  -85      4.676003
  315  -80      4.668129
  315  -75      4.526034
  315  -70      4.567020
  315  -65      4.624128
  315  -60      4.697171
  315  -55      4.750306
  315  -50      4.818109
  315  -45      4.899157
  315  -40      4.991208
  315  -35      5.120475
  315  -30      5.162560
  315  -25      5.203837
  315  -20      5.248497
  315  -15      5.391622
  315  -10      5.500000
  315   -5      5.347772
  315    0      5.280000
  315    5      5.250000
  315   10      5.250000
  315   15      5.290000
  315   20      5.280000
  315   25      5.150000
  315   30      4.900000
  315   35      4.809143
  315   40      4.749089
  315   45      4.605228
  315   50      4.427168
  315   55      4.246045
  315   60      4.104528
  315   65      4.072229
  315   70      4.037256
  315   75      4.041577
  315   80      4.117417
  315   85      4.154513
  315   90      4.250000
  310  -90      4.700000
  310  -85      4.677021
  310  -80      4.668467
  310  -75      4.517546
  310  -70      4.552060
  310  -65      4.600634
  310  -60      4.662879
  310  -55      4.698341
  310  -50      4.745788
  310  -45      4.803659
  310  -40      4.850000
  310  -35      4.900000
  310  -30      4.909081
  310  -25      4.910000
  310  -20      4.910052
  310  -15      4.975022
  310  -10      5.040709
  310   -5      5.132844
  310    0      5.190000
  310    5      5.230000
  310   10      5.263159
  310   15      5.308132
  310   20      5.223410
  310   25      5.086779
  310   30      4.840303
  310   35      4.674709
  310   40      4.580709
  310   45      4.496950
  310   50      4.367919
  310   55      4.275483
  310   60      4.123058
  310   65      4.070499
  310   70      4.039092
  310   75      4.046016
  310   80      4.117972
  310   85      4.155264
  310   90      4.250000
  305  -90      4.700000
  305  -85      4.678063
  305  -80      4.668913
  305  -75      4.509327
  305  -70      4.537640
  305  -65      4.578107
  305  -60      4.630209
  305  -55      4.648961
  305  -50      4.677432
  305  -45      4.680000
  305  -40      4.680000
  305  -35      4.690000
  305  -30      4.700000
  305  -25      4.660000
  305  -20      4.646077
  305  -15      4.700000
  305  -10      4.796077
  305   -5      4.880000
  305    0      5.000000
  305    5      5.140000
  305   10      5.223913
  305   15      5.280197
  305   20      5.182383
  305   25      5.070709
  305   30      4.799472
  305   35      4.610000
  305   40      4.480000
  305   45      4.371795
  305   50      4.289368
  305   55      4.272786
  305   60      4.098705
  305   65      4.060837
  305   70      4.048105
  305   75      4.055569
  305   80      4.119423
  305   85      4.156505
  305   90      4.250000
  300  -90      4.700000
  300  -85      4.679155
  300  -80      4.669568
  300  -75      4.501597
  300  -70      4.524146
  300  -65      4.557146
  300  -60      4.600000
  300  -55      4.603267
  300  -50      4.570000
  300  -45      4.540000
  300  -40      4.500000
  300  -35      4.500000
  300  -30      4.520000
  300  -25      4.501710
  300  -20      4.476260
  300  -15      4.559268
  300  -10      4.584868
  300   -5      4.661160
  300    0      4.830000
  300    5      5.000000
  300   10      5.118630
  300   15      5.200000
  300   20      5.143866
  300   25      5.075965
  300   30      4.823177
  300   35      4.571080
  300   40      4.420000
  300   45      4.340000
  300   50      4.270000
  300   55      4.180000
  300   60      4.100000
  300   65      4.046844
  300   70      4.063672
  300   75      4.069814
  300   80      4.121666
  300   85      4.158183
  300   90      4.250000
  295  -90      4.700000
  295  -85      4.680322
  295  -80      4.670520
  295  -75      4.502639
  295  -70      4.522704
  295  -65      4.551746
  295  -60      4.589138
  295  -55      4.570000
  295  -50      4.550000
  295  -45      4.470000
  295  -40      4.430000
  295  -35      4.410000
  295  -30      4.400000
  295  -25      4.370761
  295  -20      4.318904
  295  -15      4.377648
  295  -10      4.483812
  295   -5      4.554809
  295    0      4.700000
  295    5      4.880000
  295   10      5.072343
  295   15      5.172847
  295   20      5.103457
  295   25      5.024094
  295   30      4.810000
  295   35      4.570000
  295   40      4.410000
  295   45      4.340000
  295   50      4.300000
  295   55      4.270654
  295   60      4.120000
  295   65      4.082421
  295   70      4.099279
  295   75      4.112983
  295   80      4.141093
  295   85      4.168491
  295   90      4.250000
  290  -90      4.700000
  290  -85      4.681582
  290  -80      4.671854
  290  -75      4.504551
  290  -70      4.522848
  290  -65      4.548898
  290  -60      4.584654
  290  -55      4.536603
  290  -50      4.520000
  290  -45      4.460000
  290  -40      4.380000
  290  -35      4.350000
  290  -30      4.320000
  290  -25      4.321716
  290  -20      4.270000
  290  -15      4.303243
  290  -10      4.370000
  290   -5      4.498863
  290    0      4.564029
  290    5      4.807507
  290   10      5.055864
  290   15      5.173234
  290   20      5.087746
  290   25      4.993749
  290   30      4.816670
  290   35      4.592612
  290   40      4.437499
  290   45      4.367154
  290   50      4.366436
  290   55      4.308100
  290   60      4.158843
  290   65      4.125479
  290   70      4.135673
  290   75      4.155110
  290   80      4.161096
  290   85      4.179117
  290   90      4.250000
  285  -90      4.700000
  285  -85      4.682954
  285  -80      4.673637
  285  -75      4.507487
  285  -70      4.524837
  285  -65      4.548980
  285  -60      4.562236
  285  -55      4.560000
  285  -50      4.500000
  285  -45      4.420000
  285  -40      4.350000
  285  -35      4.320000
  285  -30      4.260000
  285  -25      4.250761
  285  -20      4.210071
  285  -15      4.240000
  285  -10      4.263948
  285   -5      4.450000
  285    0      4.552714
  285    5      4.820876
  285   10      5.067647
  285   15      5.200000
  285   20      5.096010
  285   25      5.001401
  285   30      4.909723
  285   35      4.720161
  285   40      4.539588
  285   45      4.460811
  285   50      4.449406
  285   55      4.354408
  285   60      4.212666
  285   65      4.174959
  285   70      4.177010
  285   75      4.185977
  285   80      4.181561
  285   85      4.189999
  285   90      4.250000
  280  -90      4.700000
  280  -85      4.684453
  280  -80      4.675928
  280  -75      4.511569
  280  -70      4.528874
  280  -65      4.552284
  280  -60      4.600070
  280  -55      4.580000
  280  -50      4.520000
  280  -45      4.450000
  280  -40      4.380000
  280  -35      4.340000
  280  -30      4.260000
  280  -25      4.260000
  280  -20      4.207877
  280  -15      4.230000
  280  -10      4.300000
  280   -5      4.400000
  280    0      4.573144
  280    5      4.877664
  280   10      5.077552
  280   15      5.208850
  280   20      5.130382
  280   25      5.078797
  280   30      4.983582
  280   35      4.830000
  280   40      4.680000
  280   45      4.564809
  280   50      4.467179
  280   55      4.372276
  280   60      4.272644
  280   65      4.229646
  280   70      4.222455
  280   75      4.205860
  280   80      4.191987
  280   85      4.201072
  280   90      4.250000
  275  -90      4.700000
  275  -85      4.686088
  275  -80      4.678766
  275  -75      4.516887
  275  -70      4.535109
  275  -65      4.559022
  275  -60      4.609269
  275  -55      4.620000
  275  -50      4.600000
  275  -45      4.520000
  275  -40      4.450000
  275  -35      4.380000
  275  -30      4.300000
  275  -25      4.320000
  275  -20      4.250000
  275  -15      4.270000
  275  -10      4.320000
  275   -5      4.500000
  275    0      4.660000
  275    5      4.966355
  275   10      5.200000
  275   15      5.242337
  275   20      5.206037
  275   25      5.152979
  275   30      5.050861
  275   35      4.928210
  275   40      4.759047
  275   45      4.574414
  275   50      4.476154
  275   55      4.380350
  275   60      4.288056
  275   65      4.269827
  275   70      4.254075
  275   75      4.217008
  275   80      4.200064
  275   85      4.209680
  275   90      4.250000
  270  -90      4.700000
  270  -85      4.687867
  270  -80      4.682178
  270  -75      4.523494
  270  -70      4.543631
  270  -65      4.569321
  270  -60      4.618858
  270  -55      4.638984
  270  -50      4.645555
  270  -45      4.600000
  270  -40      4.540000
  270  -35      4.450000
  270  -30      4.380000
  270  -25      4.350000
  270  -20      4.320000
  270  -15      4.350000
  270  -10      4.430000
  270   -5      4.600000
  270    0      4.800000
  270    5      5.050000
  270   10      5.350000
  270   15      5.300000
  270   20      5.300000
  270   25      5.211560
  270   30      5.100000
  270   35      4.972680
  270   40      4.797364
  270   45      4.595104
  270   50      4.494022
  270   55      4.395310
  270   60      4.300000
  270   65      4.288083
  270   70      4.269722
  270   75      4.229425
  270   80      4.208715
  270   85      4.214148
  270   90      4.250000
  265  -90      4.700000
  265  -85      4.689792
  265  -80      4.686173
  265  -75      4.533554
  265  -70      4.557331
  265  -65      4.586800
  265  -60      4.633625
  265  -55      4.662881
  265  -50      4.669874
  265  -45      4.680000
  265  -40      4.680000
  265  -35      4.580000
  265  -30      4.500000
  265  -25      4.450000
  265  -20      4.470000
  265  -15      4.528809
  265  -10      4.616079
  265   -5      4.800000
  265    0      5.020000
  265    5      5.270000
  265   10      5.550000
  265   15      5.567472
  265   20      5.528259
  265   25      5.397424
  265   30      5.217528
  265   35      5.080986
  265   40      4.897935
  265   45      4.699414
  265   50      4.587265
  265   55      4.477572
  265   60      4.371389
  265   65      4.355020
  265   70      4.323769
  265   75      4.270229
  265   80      4.236016
  265   85      4.227801
  265   90      4.250000
  260  -90      4.700000
  260  -85      4.691860
  260  -80      4.690742
  260  -75      4.544903
  260  -70      4.573318
  260  -65      4.607839
  260  -60      4.650456
  260  -55      4.689990
  260  -50      4.722735
  260  -45      4.780000
  260  -40      4.750000
  260  -35      4.700000
  260  -30      4.650000
  260  -25      4.650000
  260  -20      4.700000
  260  -15      4.800000
  260  -10      4.900229
  260   -5      5.100000
  260    0      5.320000
  260    5      5.600000
  260   10      5.800000
  260   15      5.800000
  260   20      5.711665
  260   25      5.567687
  260   30      5.316916
  260   35      5.172117
  260   40      4.985108
  260   45      4.814809
  260   50      4.689402
  260   55      4.566720
  260   60      4.447878
  260   65      4.425297
  260   70      4.379938
  260   75      4.312213
  260   80      4.263830
  260   85      4.240794
  260   90      4.250000
  255  -90      4.700000
  255  -85      4.694065
  255  -80      4.695859
  255  -75      4.557487
  255  -70      4.591503
  255  -65      4.632313
  255  -60      4.679307
  255  -55      4.729241
  255  -50      4.783581
  255  -45      4.841124
  255  -40      4.844103
  255  -35      4.870000
  255  -30      4.900000
  255  -25      4.970000
  255  -20      5.050000
  255  -15      5.150000
  255  -10      5.350000
  255   -5      5.550000
  255    0      5.800000
  255    5      6.030000
  255   10      6.100148
  255   15      6.000000
  255   20      5.900000
  255   25      5.616760
  255   30      5.409723
  255   35      5.257155
  255   40      5.083782
  255   45      4.941124
  255   50      4.800248
  255   55      4.662574
  255   60      4.529307
  255   65      4.498735
  255   70      4.438095
  255   75      4.355285
  255   80      4.292102
  255   85      4.248354
  255   90      4.250000
  250  -90      4.700000
  250  -85      4.696397
  250  -80      4.701483
  250  -75      4.571218
  250  -70      4.611737
  250  -65      4.660010
  250  -60      4.715409
  250  -55      4.781493
  250  -50      4.852818
  250  -45      4.928068
  250  -40      4.890827
  250  -35      4.883729
  250  -30      4.970000
  250  -25      5.150000
  250  -20      5.300000
  250  -15      5.550000
  250  -10      5.770000
  250   -5      6.000000
  250    0      6.250000
  250    5      6.380000
  250   10      6.407491
  250   15      6.300000
  250   20      6.130000
  250   25      5.897024
  250   30      5.579723
  250   35      5.400000
  250   40      5.256329
  250   45      5.088214
  250   50      4.919485
  250   55      4.775750
  250   60      4.625355
  250   65      4.575080
  250   70      4.498047
  250   75      4.399314
  250   80      4.318500
  250   85      4.255964
  250   90      4.250000
  245  -90      4.700000
  245  -85      4.698840
  245  -80      4.707557
  245  -75      4.585972
  245  -70      4.633815
  245  -65      4.690636
  245  -60      4.755805
  245  -55      4.839700
  245  -50      4.929972
  245  -45      4.996323
  245  -40      4.895894
  245  -35      4.848418
  245  -30      4.920000
  245  -25      5.123943
  245  -20      5.382496
  245  -15      5.743616
  245  -10      6.210000
  245   -5      6.540000
  245    0      6.730000
  245    5      6.800000
  245   10      6.660000
  245   15      6.530000
  245   20      6.350000
  245   25      6.102870
  245   30      5.810032
  245   35      5.628728
  245   40      5.441237
  245   45      5.273747
  245   50      5.118251
  245   55      4.946373
  245   60      4.769740
  245   65      4.681083
  245   70      4.559547
  245   75      4.444147
  245   80      4.335342
  245   85      4.263653
  245   90      4.250000
  240  -90      4.700000
  240  -85      4.701378
  240  -80      4.714012
  240  -75      4.601597
  240  -70      4.657480
  240  -65      4.723813
  240  -60      4.800000
  240  -55      4.903267
  240  -50      5.014392
  240  -45      5.036535
  240  -40      4.954742
  240  -35      4.921693
  240  -30      4.966845
  240  -25      5.262016
  240  -20      5.638125
  240  -15      6.210000
  240  -10      6.570000
  240   -5      6.930000
  240    0      7.020000
  240    5      6.910000
  240   10      6.800000
  240   15      6.700000
  240   20      6.530000
  240   25      6.328363
  240   30      6.056670
  240   35      5.849695
  240   40      5.695660
  240   45      5.543038
  240   50      5.330415
  240   55      5.125861
  240   60      4.915396
  240   65      4.797195
  240   70      4.634141
  240   75      4.487712
  240   80      4.352288
  240   85      4.271454
  240   90      4.250000
  235  -90      4.700000
  235  -85      4.703989
  235  -80      4.720766
  235  -75      4.675994
  235  -70      4.759862
  235  -65      4.855886
  235  -60      4.963543
  235  -55      5.076739
  235  -50      5.199654
  235  -45      5.192436
  235  -40      5.146820
  235  -35      5.129092
  235  -30      5.191844
  235  -25      5.440783
  235  -20      5.771106
  235  -15      6.186982
  235  -10      6.640000
  235   -5      6.800000
  235    0      6.860000
  235    5      6.770268
  235   10      6.749928
  235   15      6.700000
  235   20      6.605539
  235   25      6.397601
  235   30      6.190000
  235   35      6.036085
  235   40      5.932563
  235   45      5.768166
  235   50      5.564187
  235   55      5.276400
  235   60      5.059434
  235   65      4.911229
  235   70      4.725009
  235   75      4.516692
  235   80      4.369217
  235   85      4.279315
  235   90      4.250000
  230  -90      4.700000
  230  -85      4.706650
  230  -80      4.727726
  230  -75      4.750879
  230  -70      4.863172
  230  -65      4.989522
  230  -60      5.129547
  230  -55      5.253897
  230  -50      5.390233
  230  -45      5.383877
  230  -40      5.400218
  230  -35      5.409940
  230  -30      5.450000
  230  -25      5.709049
  230  -20      5.992945
  230  -15      6.319757
  230  -10      6.660000
  230   -5      6.646806
  230    0      6.740000
  230    5      6.603553
  230   10      6.593520
  230   15      6.540000
  230   20      6.600000
  230   25      6.520000
  230   30      6.337409
  230   35      6.282509
  230   40      6.178177
  230   45      6.003937
  230   50      5.770003
  230   55      5.481435
  230   60      5.199968
  230   65      5.021869
  230   70      4.812621
  230   75      4.545764
  230   80      4.386363
  230   85      4.287349
  230   90      4.250000
  225  -90      4.700000
  225  -85      4.709337
  225  -80      4.734796
  225  -75      4.826035
  225  -70      4.967020
  225  -65      5.124128
  225  -60      5.297172
  225  -55      5.433639
  225  -50      5.584775
  225  -45      5.561735
  225  -40      5.522219
  225  -35      5.470452
  225  -30      5.680286
  225  -25      5.949347
  225  -20      6.248164
  225  -15      6.491940
  225  -10      6.675828
  225   -5      6.656246
  225    0      6.700000
  225    5      6.500000
  225   10      6.430000
  225   15      6.500000
  225   20      6.600000
  225   25      6.680000
  225   30      6.547062
  225   35      6.508515
  225   40      6.400000
  225   45      6.215274
  225   50      5.961204
  225   55      5.666009
  225   60      5.334668
  225   65      5.127453
  225   70      4.881404
  225   75      4.574990
  225   80      4.403783
  225   85      4.295589
  225   90      4.250000
  220  -90      4.700000
  220  -85      4.712025
  220  -80      4.741874
  220  -75      4.901228
  220  -70      5.070995
  220  -65      5.259050
  220  -60      5.465478
  220  -55      5.614697
  220  -50      5.781656
  220  -45      5.712373
  220  -40      5.678337
  220  -35      5.724156
  220  -30      5.865141
  220  -25      6.052950
  220  -20      6.350983
  220  -15      6.509135
  220  -10      6.614466
  220   -5      6.625074
  220    0      6.700000
  220    5      6.530000
  220   10      6.440000
  220   15      6.430000
  220   20      6.500000
  220   25      6.621830
  220   30      6.754373
  220   35      6.683963
  220   40      6.584520
  220   45      6.381985
  220   50      6.125537
  220   55      5.822021
  220   60      5.461352
  220   65      5.226443
  220   70      4.940697
  220   75      4.604441
  220   80      4.421541
  220   85      4.304066
  220   90      4.250000
  215  -90      4.700000
  215  -85      4.714687
  215  -80      4.748856
  215  -75      4.976226
  215  -70      5.174666
  215  -65      5.393600
  215  -60      5.633446
  215  -55      5.795643
  215  -50      5.978978
  215  -45      5.945872
  215  -40      5.940494
  215  -35      6.036834
  215  -30      6.129103
  215  -25      6.310524
  215  -20      6.605592
  215  -15      6.648937
  215  -10      6.642353
  215   -5      6.651577
  215    0      6.740000
  215    5      6.680000
  215   10      6.500000
  215   15      6.566206
  215   20      6.570000
  215   25      6.670000
  215   30      6.900000
  215   35      6.826505
  215   40      6.695716
  215   45      6.481501
  215   50      6.094867
  215   55      5.933166
  215   60      5.578065
  215   65      5.317484
  215   70      4.994415
  215   75      4.634193
  215   80      4.439702
  215   85      4.312807
  215   90      4.250000
  210  -90      4.700000
  210  -85      4.717300
  210  -80      4.755643
  210  -75      5.050793
  210  -70      5.277604
  210  -65      5.527071
  210  -60      5.800000
  210  -55      5.974931
  210  -50      6.174606
  210  -45      6.254988
  210  -40      6.322564
  210  -35      6.373729
  210  -30      6.470786
  210  -25      6.620122
  210  -20      6.900000
  210  -15      6.817333
  210  -10      6.779120
  210   -5      6.766326
  210    0      6.820000
  210    5      6.760000
  210   10      6.750000
  210   15      6.653389
  210   20      6.630000
  210   25      6.777924
  210   30      7.015965
  210   35      6.929163
  210   40      6.772846
  210   45      6.560523
  210   50      6.071088
  210   55      6.000277
  210   60      5.683156
  210   65      5.399794
  210   70      5.050786
  210   75      4.664326
  210   80      4.458328
  210   85      4.321840
  210   90      4.250000
  205  -90      4.700000
  205  -85      4.719841
  205  -80      4.762138
  205  -75      5.040207
  205  -70      5.266721
  205  -65      5.517931
  205  -60      5.795053
  205  -55      5.966456
  205  -50      6.166249
  205  -45      6.269901
  205  -40      6.385988
  205  -35      6.573069
  205  -30      6.705703
  205  -25      6.894132
  205  -20      6.979175
  205  -15      6.897136
  205  -10      6.893974
  205   -5      6.924943
  205    0      6.850000
  205    5      6.908421
  205   10      7.050000
  205   15      6.960043
  205   20      6.915077
  205   25      7.051707
  205   30      7.142722
  205   35      6.991014
  205   40      6.783049
  205   45      6.560909
  205   50      6.101415
  205   55      6.021157
  205   60      5.769928
  205   65      5.457999
  205   70      5.093466
  205   75      4.685418
  205   80      4.471143
  205   85      4.328023
  205   90      4.250000
  200  -90      4.700000
  200  -85      4.722287
  200  -80      4.768256
  200  -75      5.028764
  200  -70      5.254296
  200  -65      5.506351
  200  -60      5.786551
  200  -55      5.953101
  200  -50      6.151515
  200  -45      6.311063
  200  -40      6.409185
  200  -35      6.532937
  200  -30      6.740000
  200  -25      6.899762
  200  -20      7.041499
  200  -15      7.020369
  200  -10      7.049601
  200   -5      7.135386
  200    0      7.070000
  200    5      7.120000
  200   10      7.201869
  200   15      7.208794
  200   20      7.278328
  200   25      7.252059
  200   30      7.234052
  200   35      7.028898
  200   40      6.780910
  200   45      6.550000
  200   50      6.189610
  200   55      6.013618
  200   60      5.844025
  200   65      5.504355
  200   70      5.127673
  200   75      4.707042
  200   80      4.484537
  200   85      4.334544
  200   90      4.250000
  195  -90      4.700000
  195  -85      4.724621
  195  -80      4.773920
  195  -75      5.016283
  195  -70      5.239984
  195  -65      5.491733
  195  -60      5.773521
  195  -55      5.933352
  195  -50      6.128107
  195  -45      6.360217
  195  -40      6.474152
  195  -35      6.586479
  195  -30      6.728692
  195  -25      6.943140
  195  -20      7.104440
  195  -15      7.219883
  195  -10      7.224468
  195   -5      7.206919
  195    0      7.225930
  195    5      7.351311
  195   10      7.426073
  195   15      7.387907
  195   20      7.345860
  195   25      7.265931
  195   30      7.219562
  195   35      7.001792
  195   40      6.828894
  195   45      6.583447
  195   50      6.336169
  195   55      6.023427
  195   60      5.899003
  195   65      5.537581
  195   70      5.152684
  195   75      4.729266
  195   80      4.498554
  195   85      4.341423
  195   90      4.250000
  190  -90      4.700000
  190  -85      4.726828
  190  -80      4.779070
  190  -75      5.002618
  190  -70      5.199495
  190  -65      5.440108
  190  -60      5.746704
  190  -55      5.905891
  190  -50      6.093970
  190  -45      6.322529
  190  -40      6.514140
  190  -35      6.618532
  190  -30      6.730000
  190  -25      6.981807
  190  -20      7.184940
  190  -15      7.371555
  190  -10      7.423767
  190   -5      7.430000
  190    0      7.450000
  190    5      7.515226
  190   10      7.563025
  190   15      7.447114
  190   20      7.378417
  190   25      7.295854
  190   30      7.200000
  190   35      6.994989
  190   40      6.819870
  190   45      6.570338
  190   50      6.339276
  190   55      6.112681
  190   60      5.933609
  190   65      5.557209
  190   70      5.168296
  190   75      4.752142
  190   80      4.513233
  190   85      4.348673
  190   90      4.250000
  185  -90      4.700000
  185  -85      4.728898
  185  -80      4.783661
  185  -75      4.974478
  185  -70      5.135494
  185  -65      5.360960
  185  -60      5.656959
  185  -55      5.818349
  185  -50      6.013489
  185  -45      6.257625
  185  -40      6.461399
  185  -35      6.607224
  185  -30      6.700000
  185  -25      6.957440
  185  -20      7.252356
  185  -15      7.500000
  185  -10      7.557363
  185   -5      7.492186
  185    0      7.500000
  185    5      7.553169
  185   10      7.521846
  185   15      7.445588
  185   20      7.428017
  185   25      7.367346
  185   30      7.238397
  185   35      7.037427
  185   40      6.813781
  185   45      6.458867
  185   50      6.264866
  185   55      6.169715
  185   60      5.947975
  185   65      5.563699
  185   70      5.174880
  185   75      4.775712
  185   80      4.528604
  185   85      4.356306
  185   90      4.250000
  180  -90      4.700000
  180  -85      4.730823
  180  -80      4.787663
  180  -75      4.928892
  180  -70      5.071601
  180  -65      5.280227
  180  -60      5.533606
  180  -55      5.664896
  180  -50      5.897996
  180  -45      6.075500
  180  -40      6.237288
  180  -35      6.442286
  180  -30      6.622230
  180  -25      6.911125
  180  -20      7.207427
  180  -15      7.440398
  180  -10      7.485446
  180   -5      7.530000
  180    0      7.580000
  180    5      7.530000
  180   10      7.482707
  180   15      7.400000
  180   20      7.355559
  180   25      7.360016
  180   30      7.216346
  180   35      7.011286
  180   40      6.808880
  180   45      6.391368
  180   50      6.193755
  180   55      6.170000
  180   60      5.943663
  180   65      5.558448
  180   70      5.173375
  180   75      4.800000
  180   80      4.544682
  180   85      4.364328
  180   90      4.250000
  175  -90      4.700000
  175  -85      4.728898
  175  -80      4.783661
  175  -75      4.885611
  175  -70      5.009990
  175  -65      5.200880
  175  -60      5.403849
  175  -55      5.516716
  175  -50      5.739357
  175  -45      5.878761
  175  -40      6.017079
  175  -35      6.264439
  175  -30      6.450000
  175  -25      6.726676
  175  -20      7.127381
  175  -15      7.402635
  175  -10      7.581269
  175   -5      7.597319
  175    0      7.600000
  175    5      7.529940
  175   10      7.465198
  175   15      7.373529
  175   20      7.326926
  175   25      7.312575
  175   30      7.167547
  175   35      6.912280
  175   40      6.654173
  175   45      6.380000
  175   50      6.150000
  175   55      6.043024
  175   60      5.808288
  175   65      5.447637
  175   70      5.107092
  175   75      4.767378
  175   80      4.523047
  175   85      4.353528
  175   90      4.250000
  170  -90      4.700000
  170  -85      4.726828
  170  -80      4.779070
  170  -75      4.844664
  170  -70      4.950989
  170  -65      5.123636
  170  -60      5.231772
  170  -55      5.289657
  170  -50      5.457282
  170  -45      5.605870
  170  -40      5.753311
  170  -35      6.000000
  170  -30      6.200000
  170  -25      6.426412
  170  -20      6.758925
  170  -15      7.203679
  170  -10      7.618327
  170   -5      7.696666
  170    0      7.650000
  170    5      7.660532
  170   10      7.575360
  170   15      7.472754
  170   20      7.315289
  170   25      7.221426
  170   30      7.007593
  170   35      6.747140
  170   40      6.518431
  170   45      6.314967
  170   50      6.104722
  170   55      5.871043
  170   60      5.667551
  170   65      5.351635
  170   70      5.057053
  170   75      4.735476
  170   80      4.502122
  170   85      4.343117
  170   90      4.250000
  165  -90      4.700000
  165  -85      4.724621
  165  -80      4.773920
  165  -75      4.806742
  165  -70      4.895804
  165  -65      5.029967
  165  -60      5.058741
  165  -55      5.142099
  165  -50      5.258790
  165  -45      5.441904
  165  -40      5.609861
  165  -35      5.914525
  165  -30      6.100000
  165  -25      6.400000
  165  -20      6.697422
  165  -15      7.094037
  165  -10      7.583127
  165   -5      7.591330
  165    0      7.550000
  165    5      7.487442
  165   10      7.468814
  165   15      7.418825
  165   20      7.284111
  165   25      7.061168
  165   30      6.841406
  165   35      6.527576
  165   40      6.322479
  165   45      6.165914
  165   50      5.986056
  165   55      5.752631
  165   60      5.595098
  165   65      5.297058
  165   70      5.018147
  165   75      4.708118
  165   80      4.481887
  165   85      4.333090
  165   90      4.250000
  160  -90      4.700000
  160  -85      4.722287
  160  -80      4.768256
  160  -75      4.772466
  160  -70      4.845549
  160  -65      4.948612
  160  -60      4.946592
  160  -55      5.006349
  160  -50      5.107399
  160  -45      5.322214
  160  -40      5.535956
  160  -35      5.755668
  160  -30      5.976633
  160  -25      6.221532
  160  -20      6.600000
  160  -15      6.950000
  160  -10      7.382707
  160   -5      7.466394
  160    0      7.380000
  160    5      7.336989
  160   10      7.302707
  160   15      7.223011
  160   20      7.126267
  160   25      6.883306
  160   30      6.643270
  160   35      6.370804
  160   40      6.127201
  160   45      5.990912
  160   50      5.832266
  160   55      5.671092
  160   60      5.528595
  160   65      5.256851
  160   70      4.987030
  160   75      4.686116
  160   80      4.462315
  160   85      4.323433
  160   90      4.250000
  155  -90      4.700000
  155  -85      4.719841
  155  -80      4.762138
  155  -75      4.742364
  155  -70      4.801176
  155  -65      4.862188
  155  -60      4.886722
  155  -55      4.884162
  155  -50      5.024933
  155  -45      5.209040
  155  -40      5.440646
  155  -35      5.604774
  155  -30      5.759033
  155  -25      6.049876
  155  -20      6.414239
  155  -15      6.800000
  155  -10      7.315575
  155   -5      7.347957
  155    0      7.289639
  155    5      7.249625
  155   10      7.156617
  155   15      6.987907
  155   20      6.730979
  155   25      6.629741
  155   30      6.477225
  155   35      6.231954
  155   40      6.008490
  155   45      5.867079
  155   50      5.750000
  155   55      5.616537
  155   60      5.464816
  155   65      5.222142
  155   70      4.959392
  155   75      4.663838
  155   80      4.443366
  155   85      4.314135
  155   90      4.250000
  150  -90      4.700000
  150  -85      4.717300
  150  -80      4.755642
  150  -75      4.756699
  150  -70      4.779696
  150  -65      4.806642
  150  -60      4.800000
  150  -55      4.776642
  150  -50      4.890000
  150  -45      5.084648
  150  -40      5.309808
  150  -35      5.460000
  150  -30      5.636455
  150  -25      5.938781
  150  -20      6.303951
  150  -15      6.761901
  150  -10      7.169689
  150   -5      7.295860
  150    0      7.270103
  150    5      7.199138
  150   10      7.056700
  150   15      6.650000
  150   20      6.400000
  150   25      6.258885
  150   30      6.320000
  150   35      6.082422
  150   40      5.882034
  150   45      5.763330
  150   50      5.667204
  150   55      5.540009
  150   60      5.395239
  150   65      5.184829
  150   70      4.936788
  150   75      4.647214
  150   80      4.425011
  150   85      4.305173
  150   90      4.250000
  145  -90      4.700000
  145  -85      4.714687
  145  -80      4.748856
  145  -75      4.756611
  145  -70      4.784431
  145  -65      4.742188
  145  -60      4.706722
  145  -55      4.684163
  145  -50      4.860324
  145  -45      4.972132
  145  -40      5.156516
  145  -35      5.340565
  145  -30      5.635093
  145  -25      5.853076
  145  -20      6.254762
  145  -15      6.723549
  145  -10      7.138267
  145   -5      7.243390
  145    0      7.200000
  145    5      7.080826
  145   10      6.893665
  145   15      6.677740
  145   20      6.300000
  145   25      6.213526
  145   30      6.180000
  145   35      5.965150
  145   40      5.700000
  145   45      5.551190
  145   50      5.514380
  145   55      5.461435
  145   60      5.334378
  145   65      5.160804
  145   70      4.900000
  145   75      4.641896
  145   80      4.416248
  145   85      4.298917
  145   90      4.250000
  140  -90      4.700000
  140  -85      4.712025
  140  -80      4.741874
  140  -75      4.756094
  140  -70      4.788431
  140  -65      4.728612
  140  -60      4.726593
  140  -55      4.686348
  140  -50      4.840000
  140  -45      4.845288
  140  -40      5.000000
  140  -35      5.223879
  140  -30      5.600000
  140  -25      5.839778
  140  -20      6.235711
  140  -15      6.728448
  140  -10      7.194687
  140   -5      7.282654
  140    0      7.184577
  140    5      7.001187
  140   10      6.745246
  140   15      6.600000
  140   20      6.260000
  140   25      6.150000
  140   30      6.100000
  140   35      5.800000
  140   40      5.500000
  140   45      5.351235
  140   50      5.322342
  140   55      5.372969
  140   60      5.290000
  140   65      5.121359
  140   70      4.870000
  140   75      4.634906
  140   80      4.407734
  140   85      4.292953
  140   90      4.250000
  135  -90      4.700000
  135  -85      4.709337
  135  -80      4.734796
  135  -75      4.755379
  135  -70      4.792129
  135  -65      4.705280
  135  -60      4.708740
  135  -55      4.692099
  135  -50      4.810000
  135  -45      4.774765
  135  -40      4.894054
  135  -35      5.094135
  135  -30      5.433493
  135  -25      5.726261
  135  -20      6.154763
  135  -15      6.663956
  135  -10      7.200000
  135   -5      7.200000
  135    0      7.074899
  135    5      6.917810
  135   10      6.698498
  135   15      6.500000
  135   20      6.310000
  135   25      6.085706
  135   30      5.904554
  135   35      5.759225
  135   40      5.429121
  135   45      5.256402
  135   50      5.235760
  135   55      5.316270
  135   60      5.230000
  135   65      5.077433
  135   70      4.840000
  135   75      4.625847
  135   80      4.399336
  135   85      4.287255
  135   90      4.250000
  130  -90      4.700000
  130  -85      4.706650
  130  -80      4.727726
  130  -75      4.754703
  130  -70      4.795951
  130  -65      4.731173
  130  -60      4.701772
  130  -55      4.745215
  130  -50      4.800000
  130  -45      4.837994
  130  -40      4.834961
  130  -35      4.990207
  130  -30      5.230956
  130  -25      5.550847
  130  -20      5.976016
  130  -15      6.500000
  130  -10      6.900000
  130   -5      7.185744
  130    0      7.000000
  130    5      6.860115
  130   10      6.622767
  130   15      6.312327
  130   20      6.170000
  130   25      5.971693
  130   30      5.800401
  130   35      5.681154
  130   40      5.413400
  130   45      5.249382
  130   50      5.221959
  130   55      5.275535
  130   60      5.174908
  130   65      5.022431
  130   70      4.810000
  130   75      4.614376
  130   80      4.390924
  130   85      4.281794
  130   90      4.250000
  125  -90      4.700000
  125  -85      4.703989
  125  -80      4.720765
  125  -75      4.754297
  125  -70      4.800314
  125  -65      4.764941
  125  -60      4.723849
  125  -55      4.823721
  125  -50      4.830000
  125  -45      4.800000
  125  -40      4.776110
  125  -35      4.839086
  125  -30      5.030990
  125  -25      5.492245
  125  -20      5.915064
  125  -15      6.270000
  125  -10      6.700000
  125   -5      7.034665
  125    0      6.899649
  125    5      6.753193
  125   10      6.507232
  125   15      6.229463
  125   20      6.055711
  125   25      5.883224
  125   30      5.717754
  125   35      5.622324
  125   40      5.467229
  125   45      5.250000
  125   50      5.200000
  125   55      5.235772
  125   60      5.130000
  125   65      4.938707
  125   70      4.780000
  125   75      4.600224
  125   80      4.382375
  125   85      4.276536
  125   90      4.250000
  120  -90      4.700000
  120  -85      4.701378
  120  -80      4.714012
  120  -75      4.754380
  120  -70      4.805604
  120  -65      4.779270
  120  -60      4.762790
  120  -55      4.850000
  120  -50      4.890451
  120  -45      4.794209
  120  -40      4.739853
  120  -35      4.764793
  120  -30      4.912725
  120  -25      5.332714
  120  -20      5.650000
  120  -15      6.020000
  120  -10      6.350000
  120   -5      6.780000
  120    0      6.769364
  120    5      6.641563
  120   10      6.398694
  120   15      6.214904
  120   20      6.038608
  120   25      5.850578
  120   30      5.680355
  120   35      5.570438
  120   40      5.464577
  120   45      5.270000
  120   50      5.235000
  120   55      5.239125
  120   60      5.084944
  120   65      4.853487
  120   70      4.749046
  120   75      4.583188
  120   80      4.373572
  120   85      4.271454
  120   90      4.250000
  115  -90      4.700000
  115  -85      4.698840
  115  -80      4.707557
  115  -75      4.821930
  115  -70      4.799674
  115  -65      4.786394
  115  -60      4.781463
  115  -55      4.880000
  115  -50      4.900000
  115  -45      4.766333
  115  -40      4.605301
  115  -35      4.677214
  115  -30      4.787298
  115  -25      5.140391
  115  -20      5.502066
  115  -15      5.800000
  115  -10      6.250000
  115   -5      6.600000
  115    0      6.679936
  115    5      6.555810
  115   10      6.327810
  115   15      6.099722
  115   20      5.913517
  115   25      5.747137
  115   30      5.584355
  115   35      5.494044
  115   40      5.352956
  115   45      5.271932
  115   50      5.200000
  115   55      5.200000
  115   60      5.059877
  115   65      4.839545
  115   70      4.713801
  115   75      4.573528
  115   80      4.380901
  115   85      4.274765
  115   90      4.250000
  110  -90      4.700000
  110  -85      4.696396
  110  -80      4.701483
  110  -75      4.802342
  110  -70      4.795329
  110  -65      4.796069
  110  -60      4.803936
  110  -55      4.920000
  110  -50      4.920000
  110  -45      4.750000
  110  -40      4.580000
  110  -35      4.569712
  110  -30      4.644674
  110  -25      4.929541
  110  -20      5.244268
  110  -15      5.559865
  110  -10      6.032532
  110   -5      6.400000
  110    0      6.704790
  110    5      6.572399
  110   10      6.287908
  110   15      5.950000
  110   20      5.802242
  110   25      5.637549
  110   30      5.468289
  110   35      5.340291
  110   40      5.206743
  110   45      5.155853
  110   50      5.180000
  110   55      5.100000
  110   60      5.029348
  110   65      4.817041
  110   70      4.679668
  110   75      4.559572
  110   80      4.387776
  110   85      4.278186
  110   90      4.250000
  105  -90      4.700000
  105  -85      4.694065
  105  -80      4.695859
  105  -75      4.783779
  105  -70      4.792829
  105  -65      4.808673
  105  -60      4.830702
  105  -55      4.950000
  105  -50      4.920000
  105  -45      4.745450
  105  -40      4.568009
  105  -35      4.505166
  105  -30      4.535243
  105  -25      4.720021
  105  -20      4.963091
  105  -15      5.251801
  105  -10      5.868043
  105   -5      6.300000
  105    0      6.600000
  105    5      6.464468
  105   10      6.203577
  105   15      5.810502
  105   20      5.677782
  105   25      5.504007
  105   30      5.293818
  105   35      5.177800
  105   40      5.070539
  105   45      5.024559
  105   50      5.069967
  105   55      5.080357
  105   60      4.975454
  105   65      4.769070
  105   70      4.647830
  105   75      4.543469
  105   80      4.384509
  105   85      4.281687
  105   90      4.250000
  100  -90      4.700000
  100  -85      4.691860
  100  -80      4.690742
  100  -75      4.766361
  100  -70      4.792378
  100  -65      4.824501
  100  -60      4.862141
  100  -55      4.970000
  100  -50      4.900000
  100  -45      4.729618
  100  -40      4.570000
  100  -35      4.465325
  100  -30      4.492718
  100  -25      4.603229
  100  -20      4.753317
  100  -15      4.960225
  100  -10      5.476312
  100   -5      6.051249
  100    0      6.337689
  100    5      6.239286
  100   10      6.037370
  100   15      5.748358
  100   20      5.527997
  100   25      5.312274
  100   30      5.133582
  100   35      5.057315
  100   40      4.982750
  100   45      4.931444
  100   50      4.969171
  100   55      4.961320
  100   60      4.900000
  100   65      4.709884
  100   70      4.619261
  100   75      4.525528
  100   80      4.378763
  100   85      4.285238
  100   90      4.250000
   95  -90      4.700000
   95  -85      4.689792
   95  -80      4.686173
   95  -75      4.750178
   95  -70      4.794125
   95  -65      4.843762
   95  -60      4.898520
   95  -55      4.960000
   95  -50      4.900000
   95  -45      4.730000
   95  -40      4.576359
   95  -35      4.491316
   95  -30      4.525605
   95  -25      4.561535
   95  -20      4.638110
   95  -15      4.785501
   95  -10      5.138468
   95   -5      5.650000
   95    0      5.850000
   95    5      5.760000
   95   10      5.572933
   95   15      5.459605
   95   20      5.358727
   95   25      5.153383
   95   30      5.010580
   95   35      4.970660
   95   40      4.932197
   95   45      4.842590
   95   50      4.885422
   95   55      4.873067
   95   60      4.818805
   95   65      4.642649
   95   70      4.594676
   95   75      4.506093
   95   80      4.372868
   95   85      4.283356
   95   90      4.250000
   90  -90      4.700000
   90  -85      4.687867
   90  -80      4.682178
   90  -75      4.735285
   90  -70      4.798159
   90  -65      4.866584
   90  -60      4.940000
   90  -55      4.950000
   90  -50      4.900000
   90  -45      4.752859
   90  -40      4.553054
   90  -35      4.421357
   90  -30      4.436689
   90  -25      4.546290
   90  -20      4.539807
   90  -15      4.671777
   90  -10      4.843855
   90   -5      5.136724
   90    0      5.200000
   90    5      5.250000
   90   10      5.303902
   90   15      5.262583
   90   20      5.208859
   90   25      5.049488
   90   30      4.891796
   90   35      4.860330
   90   40      4.800565
   90   45      4.756580
   90   50      4.742830
   90   55      4.756776
   90   60      4.714437
   90   65      4.581701
   90   70      4.574512
   90   75      4.490877
   90   80      4.366879
   90   85      4.280814
   90   90      4.250000
   85  -90      4.700000
   85  -85      4.686088
   85  -80      4.678766
   85  -75      4.720000
   85  -70      4.770000
   85  -65      4.850000
   85  -60      4.950000
   85  -55      4.970000
   85  -50      4.900000
   85  -45      4.742033
   85  -40      4.617513
   85  -35      4.450000
   85  -30      4.376771
   85  -25      4.468598
   85  -20      4.530000
   85  -15      4.568598
   85  -10      4.736707
   85   -5      4.897326
   85    0      4.930000
   85    5      4.980000
   85   10      4.900000
   85   15      5.057981
   85   20      5.043987
   85   25      4.976381
   85   30      4.856480
   85   35      4.784583
   85   40      4.705248
   85   45      4.638350
   85   50      4.592882
   85   55      4.577960
   85   60      4.581765
   85   65      4.513360
   85   70      4.534988
   85   75      4.456322
   85   80      4.345623
   85   85      4.270791
   85   90      4.250000
   80  -90      4.700000
   80  -85      4.684453
   80  -80      4.675928
   80  -75      4.700000
   80  -70      4.737760
   80  -65      4.817121
   80  -60      4.940000
   80  -55      4.960000
   80  -50      4.880000
   80  -45      4.817651
   80  -40      4.669953
   80  -35      4.477474
   80  -30      4.417487
   80  -25      4.479050
   80  -20      4.476491
   80  -15      4.516833
   80  -10      4.589444
   80   -5      4.700000
   80    0      4.730000
   80    5      4.770000
   80   10      4.740000
   80   15      4.799122
   80   20      4.820899
   80   25      4.861694
   80   30      4.760670
   80   35      4.678797
   80   40      4.629857
   80   45      4.567542
   80   50      4.527061
   80   55      4.508040
   80   60      4.519239
   80   65      4.467964
   80   70      4.495543
   80   75      4.421571
   80   80      4.324382
   80   85      4.256628
   80   90      4.250000
   75  -90      4.700000
   75  -85      4.682954
   75  -80      4.673637
   75  -75      4.670000
   75  -70      4.671627
   75  -65      4.735264
   75  -60      4.900000
   75  -55      4.860000
   75  -50      4.830000
   75  -45      4.785626
   75  -40      4.652552
   75  -35      4.501316
   75  -30      4.437314
   75  -25      4.487211
   75  -20      4.547318
   75  -15      4.555501
   75  -10      4.600000
   75   -5      4.654731
   75    0      4.660000
   75    5      4.680521
   75   10      4.653602
   75   15      4.695138
   75   20      4.697795
   75   25      4.736741
   75   30      4.711467
   75   35      4.634627
   75   40      4.582970
   75   45      4.535148
   75   50      4.483740
   75   55      4.487319
   75   60      4.465749
   75   65      4.434497
   75   70      4.456655
   75   75      4.386765
   75   80      4.300275
   75   85      4.239997
   75   90      4.250000
   70  -90      4.700000
   70  -85      4.681582
   70  -80      4.671854
   70  -75      4.650000
   70  -70      4.605761
   70  -65      4.700000
   70  -60      4.880000
   70  -55      4.800000
   70  -50      4.740000
   70  -45      4.706073
   70  -40      4.620000
   70  -35      4.500000
   70  -30      4.400000
   70  -25      4.415250
   70  -20      4.549103
   70  -15      4.580000
   70  -10      4.600000
   70   -5      4.620000
   70    0      4.650000
   70    5      4.673542
   70   10      4.623233
   70   15      4.679862
   70   20      4.673542
   70   25      4.645895
   70   30      4.699691
   70   35      4.616591
   70   40      4.548643
   70   45      4.506204
   70   50      4.462138
   70   55      4.454710
   70   60      4.423208
   70   65      4.411105
   70   70      4.409528
   70   75      4.352035
   70   80      4.265657
   70   85      4.223560
   70   90      4.250000
   65  -90      4.700000
   65  -85      4.680322
   65  -80      4.670520
   65  -75      4.630000
   65  -70      4.556037
   65  -65      4.650000
   65  -60      4.800000
   65  -55      4.740000
   65  -50      4.720000
   65  -45      4.616666
   65  -40      4.570000
   65  -35      4.480000
   65  -30      4.380000
   65  -25      4.390949
   65  -20      4.528783
   65  -15      4.606657
   65  -10      4.655073
   65   -5      4.692572
   65    0      4.700000
   65    5      4.744355
   65   10      4.708917
   65   15      4.725368
   65   20      4.682119
   65   25      4.627119
   65   30      4.644387
   65   35      4.605086
   65   40      4.536683
   65   45      4.476551
   65   50      4.438626
   65   55      4.371985
   65   60      4.355037
   65   65      4.341928
   65   70      4.343701
   65   75      4.306835
   65   80      4.231090
   65   85      4.207380
   65   90      4.250000
   60  -90      4.700000
   60  -85      4.679155
   60  -80      4.669568
   60  -75      4.630000
   60  -70      4.524146
   60  -65      4.630000
   60  -60      4.780000
   60  -55      4.700000
   60  -50      4.680000
   60  -45      4.600000
   60  -40      4.550000
   60  -35      4.480000
   60  -30      4.420000
   60  -25      4.416672
   60  -20      4.545177
   60  -15      4.680000
   60  -10      4.707769
   60   -5      4.731374
   60    0      4.723407
   60    5      4.734134
   60   10      4.758874
   60   15      4.809128
   60   20      4.765541
   60   25      4.693782
   60   30      4.600000
   60   35      4.533182
   60   40      4.473174
   60   45      4.411262
   60   50      4.347303
   60   55      4.286872
   60   60      4.258203
   60   65      4.257792
   60   70      4.271966
   60   75      4.257944
   60   80      4.196748
   60   85      4.191517
   60   90      4.250000
   55  -90      4.700000
   55  -85      4.678063
   55  -80      4.668913
   55  -75      4.630000
   55  -70      4.559862
   55  -65      4.605885
   55  -60      4.750000
   55  -55      4.700000
   55  -50      4.640000
   55  -45      4.620000
   55  -40      4.530000
   55  -35      4.530000
   55  -30      4.550000
   55  -25      4.548663
   55  -20      4.660000
   55  -15      4.804951
   55  -10      4.897012
   55   -5      4.814483
   55    0      4.782893
   55    5      4.817505
   55   10      4.950511
   55   15      5.026738
   55   20      5.002894
   55   25      4.851752
   55   30      4.689773
   55   35      4.552155
   55   40      4.442759
   55   45      4.376624
   55   50      4.257997
   55   55      4.248212
   55   60      4.224950
   55   65      4.233017
   55   70      4.226504
   55   75      4.234324
   55   80      4.179302
   55   85      4.184283
   55   90      4.250000
   50  -90      4.700000
   50  -85      4.677021
   50  -80      4.668467
   50  -75      4.640000
   50  -70      4.596504
   50  -65      4.651393
   50  -60      4.700000
   50  -55      4.680000
   50  -50      4.600000
   50  -45      4.520000
   50  -40      4.500000
   50  -35      4.530000
   50  -30      4.600203
   50  -25      4.660000
   50  -20      4.800000
   50  -15      5.000000
   50  -10      5.136343
   50   -5      5.061240
   50    0      5.028784
   50    5      5.000000
   50   10      5.092082
   50   15      5.215319
   50   20      5.163795
   50   25      4.996666
   50   30      4.809216
   50   35      4.631515
   50   40      4.463760
   50   45      4.311158
   50   50      4.187422
   50   55      4.186597
   50   60      4.215622
   50   65      4.212508
   50   70      4.190380
   50   75      4.211495
   50   80      4.162433
   50   85      4.177486
   50   90      4.250000
   45  -90      4.700000
   45  -85      4.676003
   45  -80      4.668129
   45  -75      4.650000
   45  -70      4.633687
   45  -65      4.693435
   45  -60      4.727139
   45  -55      4.670000
   45  -50      4.600000
   45  -45      4.520000
   45  -40      4.520000
   45  -35      4.540730
   45  -30      4.710005
   45  -25      4.800000
   45  -20      5.000000
   45  -15      5.250000
   45  -10      5.400000
   45   -5      5.425983
   45    0      5.377853
   45    5      5.264384
   45   10      5.282956
   45   15      5.409195
   45   20      5.395735
   45   25      5.151254
   45   30      4.919628
   45   35      4.733980
   45   40      4.515788
   45   45      4.247794
   45   50      4.130000
   45   55      4.130645
   45   60      4.208059
   45   65      4.200000
   45   70      4.169397
   45   75      4.191075
   45   80      4.150752
   45   85      4.171181
   45   90      4.250000
   40  -90      4.700000
   40  -85      4.674988
   40  -80      4.667800
   40  -75      4.670000
   40  -70      4.670995
   40  -65      4.737451
   40  -60      4.760000
   40  -55      4.650000
   40  -50      4.613122
   40  -45      4.600000
   40  -40      4.565625
   40  -35      4.650237
   40  -30      4.783752
   40  -25      5.000000
   40  -20      5.200000
   40  -15      5.500000
   40  -10      5.700000
   40   -5      5.750000
   40    0      5.720000
   40    5      5.670000
   40   10      5.701859
   40   15      5.781228
   40   20      5.697635
   40   25      5.392480
   40   30      5.035482
   40   35      4.820498
   40   40      4.565231
   40   45      4.269314
   40   50      4.160000
   40   55      4.137809
   40   60      4.209485
   40   65      4.201993
   40   70      4.163875
   40   75      4.177481
   40   80      4.140080
   40   85      4.165419
   40   90      4.250000
   35  -90      4.700000
   35  -85      4.673946
   35  -80      4.667375
   35  -75      4.680000
   35  -70      4.697497
   35  -65      4.775984
   35  -60      4.791082
   35  -55      4.652438
   35  -50      4.585929
   35  -45      4.620857
   35  -40      4.698010
   35  -35      4.800000
   35  -30      4.900000
   35  -25      5.200000
   35  -20      5.420000
   35  -15      5.700000
   35  -10      6.023291
   35   -5      6.138556
   35    0      6.270000
   35    5      6.236399
   35   10      6.270000
   35   15      6.201038
   35   20      6.024388
   35   25      5.677201
   35   30      5.290511
   35   35      4.927977
   35   40      4.674561
   35   45      4.354638
   35   50      4.220000
   35   55      4.198386
   35   60      4.242525
   35   65      4.217794
   35   70      4.169020
   35   75      4.165288
   35   80      4.130494
   35   85      4.160249
   35   90      4.250000
   30  -90      4.700000
   30  -85      4.672856
   30  -80      4.666754
   30  -75      4.680000
   30  -70      4.715170
   30  -65      4.768548
   30  -60      4.811330
   30  -55      4.699048
   30  -50      4.641827
   30  -45      4.678494
   30  -40      4.743864
   30  -35      4.826439
   30  -30      5.050000
   30  -25      5.406223
   30  -20      5.779359
   30  -15      6.073311
   30  -10      6.406240
   30   -5      6.666665
   30    0      6.789924
   30    5      6.788567
   30   10      6.696199
   30   15      6.600102
   30   20      6.313624
   30   25      5.988112
   30   30      5.600000
   30   35      5.187538
   30   40      4.879535
   30   45      4.521141
   30   50      4.344362
   30   55      4.277129
   30   60      4.299969
   30   65      4.245606
   30   70      4.183790
   30   75      4.154600
   30   80      4.122078
   30   85      4.155712
   30   90      4.250000
   25  -90      4.700000
   25  -85      4.671692
   25  -80      4.665842
   25  -75      4.660000
   25  -70      4.731344
   25  -65      4.765887
   25  -60      4.822274
   25  -55      4.774571
   25  -50      4.772515
   25  -45      4.838870
   25  -40      4.910458
   25  -35      5.033970
   25  -30      5.272490
   25  -25      5.660000
   25  -20      6.150000
   25  -15      6.700000
   25  -10      7.308120
   25   -5      7.552164
   25    0      7.576480
   25    5      7.400000
   25   10      7.300000
   25   15      7.106181
   25   20      6.560000
   25   25      6.212306
   25   30      5.917072
   25   35      5.461225
   25   40      5.147212
   25   45      4.854016
   25   50      4.550000
   25   55      4.454147
   25   60      4.388218
   25   65      4.280791
   25   70      4.204992
   25   75      4.144348
   25   80      4.114128
   25   85      4.151460
   25   90      4.250000
   20  -90      4.700000
   20  -85      4.670434
   20  -80      4.664552
   20  -75      4.700000
   20  -70      4.747929
   20  -65      4.771748
   20  -60      4.836577
   20  -55      4.841456
   20  -50      4.890439
   20  -45      4.978377
   20  -40      5.106682
   20  -35      5.334517
   20  -30      5.678524
   20  -25      6.100000
   20  -20      6.700000
   20  -15      7.350000
   20  -10      8.060000
   20   -5      8.436921
   20    0      8.500000
   20    5      8.180000
   20   10      7.850000
   20   15      7.423140
   20   20      6.805750
   20   25      6.459171
   20   30      6.241052
   20   35      5.854873
   20   40      5.445123
   20   45      5.130000
   20   50      4.820000
   20   55      4.597216
   20   60      4.478926
   20   65      4.315483
   20   70      4.223089
   20   75      4.135779
   20   80      4.107488
   20   85      4.147912
   20   90      4.250000
   15  -90      4.700000
   15  -85      4.669065
   15  -80      4.662809
   15  -75      4.674619
   15  -70      4.765259
   15  -65      4.787518
   15  -60      4.863299
   15  -55      4.912573
   15  -50      4.974099
   15  -45      5.162374
   15  -40      5.346571
   15  -35      5.697075
   15  -30      6.170074
   15  -25      6.670000
   15  -20      7.280000
   15  -15      8.000000
   15  -10      8.820000
   15   -5      9.234027
   15    0      9.100000
   15    5      8.700000
   15   10      8.133976
   15   15      7.572378
   15   20      6.938236
   15   25      6.637981
   15   30      6.539030
   15   35      6.180000
   15   40      5.700000
   15   45      5.360000
   15   50      5.032078
   15   55      4.761034
   15   60      4.507540
   15   65      4.332989
   15   70      4.227711
   15   75      4.128964
   15   80      4.102214
   15   85      4.145099
   15   90      4.250000
   10  -90      4.700000
   10  -85      4.667569
   10  -80      4.660552
   10  -75      4.687926
   10  -70      4.783628
   10  -65      4.814062
   10  -60      4.904664
   10  -55      4.958200
   10  -50      5.100000
   10  -45      5.367319
   10  -40      5.622277
   10  -35      6.017073
   10  -30      6.560532
   10  -25      7.219254
   10  -20      7.826007
   10  -15      8.497621
   10  -10      9.131470
   10   -5      9.963445
   10    0     10.000000
   10    5      9.500000
   10   10      8.720000
   10   15      8.060000
   10   20      7.350000
   10   25      7.014555
   10   30      6.898277
   10   35      6.460000
   10   40      6.015037
   10   45      5.450000
   10   50      5.124651
   10   55      4.755103
   10   60      4.528172
   10   65      4.370000
   10   70      4.250000
   10   75      4.123958
   10   80      4.098350
   10   85      4.143040
   10   90      4.250000
    5  -90      4.700000
    5  -85      4.665935
    5  -80      4.657735
    5  -75      4.702382
    5  -70      4.803257
    5  -65      4.851665
    5  -60      4.960587
    5  -55      5.075558
    5  -50      5.200000
    5  -45      5.537128
    5  -40      5.890857
    5  -35      6.339481
    5  -30      6.836531
    5  -25      7.458959
    5  -20      8.080666
    5  -15      8.673481
    5  -10      9.237386
    5   -5     10.061610
    5    0     10.660880
    5    5     10.220000
    5   10      9.534086
    5   15      8.640000
    5   20      7.794962
    5   25      7.524065
    5   30      7.232841
    5   35      6.679529
    5   40      6.219162
    5   45      5.533601
    5   50      5.050000
    5   55      4.700000
    5   60      4.489968
    5   65      4.352958
    5   70      4.219572
    5   75      4.120800
    5   80      4.095925
    5   85      4.141752
    5   90      4.250000
    0  -90      4.700000
    0  -85      4.664156
    0  -80      4.654330
    0  -75      4.718070
    0  -70      4.800000
    0  -65      4.900000
    0  -60      5.000000
    0  -55      5.116734
    0  -50      5.300000
    0  -45      5.687994
    0  -40      6.060294
    0  -35      6.511847
    0  -30      6.998018
    0  -25      7.600000
    0  -20      8.000000
    0  -15      8.541132
    0  -10      9.231617
    0   -5      9.950000
    0    0     10.459560
    0    5     10.700000
    0   10     10.200000
    0   15      9.231316
    0   20      8.570468
    0   25      7.944638
    0   30      7.466968
    0   35      6.879181
    0   40      6.261846
    0   45      5.579826
    0   50      5.000000
    0   55      4.650000
    0   60      4.425457
    0   65      4.282918
    0   70      4.200000
    0   75      4.119512
    0   80      4.094959
    0   85      4.141245
    0   90      4.250000
