  360  -90      6.290000
  360  -85      7.403250
  360  -80      8.651600
  360  -75      9.939051
  360  -70     11.009000
  360  -65     12.150050
  360  -60     13.418500
  360  -55     14.314700
  360  -50     14.725400
  360  -45     14.949740
  360  -40     15.770270
  360  -35     17.660600
  360  -30     19.196300
  360  -25     20.622950
  360  -20     21.967600
  360  -15     23.329750
  360  -10     24.764600
  360   -5     25.944350
  360    0     25.631600
  360    5     24.337700
  360   10     23.416700
  360   15     22.482050
  360   20     21.528300
  360   25     19.808550
  360   30     17.000000
  360   35     13.000000
  360   40     11.948740
  360   45     11.135070
  360   50     10.509180
  360   55     10.033790
  360   60      9.681200
  360   65      9.262950
  360   70      8.910600
  360   75      8.700650
  360   80      8.516400
  360   85      8.421850
  360   90      8.452900
  355  -90      6.290000
  355  -85      7.330350
  355  -80      8.508550
  355  -75      9.764423
  355  -70     10.831650
  355  -65     12.004500
  355  -60     13.286700
  355  -55     14.198150
  355  -50     14.629750
  355  -45     14.576660
  355  -40     15.690750
  355  -35     17.544080
  355  -30     19.321300
  355  -25     20.795150
  355  -20     22.232000
  355  -15     23.603200
  355  -10     25.063850
  355   -5     26.586450
  355    0     26.596700
  355    5     25.234400
  355   10     24.038950
  355   15     22.567780
  355   20     20.990150
  355   25     18.866580
  355   30     15.000000
  355   35     12.500000
  355   40     11.757880
  355   45     10.988510
  355   50     10.401080
  355   55      9.960387
  355   60      9.639997
  355   65      9.186200
  355   70      8.857000
  355   75      8.672375
  355   80      8.501801
  355   85      8.410126
  355   90      8.452900
  350  -90      6.290000
  350  -85      7.249400
  350  -80      8.340500
  350  -75      9.523951
  350  -70     10.595100
  350  -65     11.761700
  350  -60     13.008000
  350  -55     13.923200
  350  -50     14.355600
  350  -45     14.017800
  350  -40     15.000000
  350  -35     17.155930
  350  -30     19.367100
  350  -25     20.898450
  350  -20     22.435700
  350  -15     23.852250
  350  -10     25.478600
  350   -5     27.318550
  350    0     27.924400
  350    5     26.699200
  350   10     25.235000
  350   15     23.554900
  350   20     21.182400
  350   25     17.945300
  350   30     13.500000
  350   35     12.000000
  350   40     11.463780
  350   45     10.771690
  350   50     10.245230
  350   55      9.854836
  350   60      9.577600
  350   65      9.129801
  350   70      8.818400
  350   75      8.647449
  350   80      8.489500
  350   85      8.399750
  350   90      8.452900
  345  -90      6.290000
  345  -85      7.161475
  345  -80      8.151150
  345  -75      9.222900
  345  -70     10.269150
  345  -65     11.407500
  345  -60     12.586650
  345  -55     13.444070
  345  -50     13.861000
  345  -45     13.324070
  345  -40     14.214920
  345  -35     16.431300
  345  -30     19.177600
  345  -25     20.997720
  345  -20     22.707200
  345  -15     24.130830
  345  -10     25.649850
  345   -5     27.122920
  345    0     28.004500
  345    5     27.550900
  345   10     26.133550
  345   15     24.450420
  345   20     21.682600
  345   25     16.000000
  345   30     12.802500
  345   35     11.857790
  345   40     11.105640
  345   45     10.520630
  345   50     10.077630
  345   55      9.754835
  345   60      9.534323
  345   65      9.083975
  345   70      8.784400
  345   75      8.625100
  345   80      8.480000
  345   85      8.391075
  345   90      8.452900
  340  -90      6.290000
  340  -85      7.069050
  340  -80      7.951200
  340  -75      8.890850
  340  -70      9.895600
  340  -65     11.000450
  340  -60     12.100100
  340  -55     12.838600
  340  -50     13.258500
  340  -45     13.046290
  340  -40     13.900170
  340  -35     16.163260
  340  -30     18.803300
  340  -25     21.093350
  340  -20     22.940200
  340  -15     24.232000
  340  -10     25.511500
  340   -5     26.441100
  340    0     26.990600
  340    5     26.745400
  340   10     25.772600
  340   15     24.158550
  340   20     21.221200
  340   25     13.500000
  340   30     12.000000
  340   35     11.272240
  340   40     10.682290
  340   45     10.220910
  340   50      9.874659
  340   55      9.629792
  340   60      9.473900
  340   65      9.034550
  340   70      8.751200
  340   75      8.604900
  340   80      8.472700
  340   85      8.384050
  340   90      8.452900
  335  -90      6.290000
  335  -85      6.972275
  335  -80      7.751650
  335  -75      8.571800
  335  -70      9.541050
  335  -65     10.604770
  335  -60     11.655550
  335  -55     12.343450
  335  -50     12.818550
  335  -45     12.843090
  335  -40     13.708070
  335  -35     15.808520
  335  -30     18.434300
  335  -25     20.896650
  335  -20     22.735550
  335  -15     23.877350
  335  -10     24.978550
  335   -5     25.549200
  335    0     25.749800
  335    5     25.581020
  335   10     24.830250
  335   15     23.319950
  335   20     18.000000
  335   25     13.000000
  335   30     11.621880
  335   35     11.032670
  335   40     10.534290
  335   45     10.128660
  335   50      9.811609
  335   55      9.576428
  335   60      9.415852
  335   65      8.985050
  335   70      8.718500
  335   75      8.587175
  335   80      8.467751
  335   85      8.378625
  335   90      8.452900
  330  -90      6.290000
  330  -85      6.868700
  330  -80      7.563400
  330  -75      8.287200
  330  -70      9.228400
  330  -65     10.226750
  330  -60     11.223200
  330  -55     11.998200
  330  -50     12.563400
  330  -45     12.708240
  330  -40     13.556070
  330  -35     15.991670
  330  -30     18.045300
  330  -25     20.268400
  330  -20     21.836900
  330  -15     23.002900
  330  -10     23.958500
  330   -5     24.432250
  330    0     25.070600
  330    5     24.800800
  330   10     23.934500
  330   15     21.923200
  330   20     13.000000
  330   25     11.800000
  330   30     11.249680
  330   35     10.781160
  330   40     10.367630
  330   45     10.017050
  330   50      9.731375
  330   55      9.509151
  330   60      9.347331
  330   65      8.935450
  330   70      8.687000
  330   75      8.571800
  330   80      8.464900
  330   85      8.374550
  330   90      8.452900
  325  -90      6.290000
  325  -85      6.767000
  325  -80      7.386100
  325  -75      8.030000
  325  -70      8.930850
  325  -65      9.832575
  325  -60     10.739450
  325  -55     11.629850
  325  -50     12.216500
  325  -45     12.542070
  325  -40     13.427400
  325  -35     15.611250
  325  -30     17.923050
  325  -25     19.583250
  325  -20     20.749300
  325  -15     22.222180
  325  -10     23.156250
  325   -5     23.616830
  325    0     24.007850
  325    5     23.708970
  325   10     22.680050
  325   15     17.000000
  325   20     12.500000
  325   25     11.500000
  325   30     10.914820
  325   35     10.542850
  325   40     10.200940
  325   45      9.899215
  325   50      9.642854
  325   55      9.433803
  325   60      9.272041
  325   65      8.887100
  325   70      8.659050
  325   75      8.560024
  325   80      8.463900
  325   85      8.371775
  325   90      8.452900
  320  -90      6.290000
  320  -85      6.669700
  320  -80      7.167200
  320  -75      7.780850
  320  -70      8.618700
  320  -65      9.415051
  320  -60     10.199600
  320  -55     11.129700
  320  -50     11.800600
  320  -45     12.176450
  320  -40     13.036700
  320  -35     14.855950
  320  -30     17.114500
  320  -25     18.712100
  320  -20     19.895900
  320  -15     21.598650
  320  -10     22.271400
  320   -5     22.539800
  320    0     22.633300
  320    5     22.643900
  320   10     20.794800
  320   15     13.000000
  320   20     11.600000
  320   25     11.000000
  320   30     10.634950
  320   35     10.334600
  320   40     10.048340
  320   45      9.786013
  320   50      9.553958
  320   55      9.355878
  320   60      9.193634
  320   65      8.840500
  320   70      8.635700
  320   75      8.552400
  320   80      8.464800
  320   85      8.370100
  320   90      8.452900
  315  -90      6.290000
  315  -85      6.578100
  315  -80      6.950150
  315  -75      7.534650
  315  -70      8.285900
  315  -65      8.994274
  315  -60      9.655700
  315  -55     10.524900
  315  -50     11.181100
  315  -45     11.623370
  315  -40     12.566100
  315  -35     14.000470
  315  -30     15.935550
  315  -25     17.584980
  315  -20     18.917750
  315  -15     20.312370
  315  -10     21.038150
  315   -5     21.151370
  315    0     20.966550
  315    5     19.482820
  315   10     15.000000
  315   15     12.300000
  315   20     11.500000
  315   25     10.800000
  315   30     10.418040
  315   35     10.166540
  315   40      9.919675
  315   45      9.685884
  315   50      9.471333
  315   55      9.280288
  315   60      9.115533
  315   65      8.795675
  315   70      8.617950
  315   75      8.550526
  315   80      8.467500
  315   85      8.369400
  315   90      8.452900
  310  -90      6.290000
  310  -85      6.492200
  310  -80      6.738100
  310  -75      7.300900
  310  -70      7.947800
  310  -65      8.589600
  310  -60      9.169400
  310  -55      9.887550
  310  -50     10.457800
  310  -45     10.952450
  310  -40     11.955500
  310  -35     13.294700
  310  -30     14.485800
  310  -25     15.858750
  310  -20     17.397100
  310  -15     18.419500
  310  -10     18.906800
  310   -5     18.791150
  310    0     18.130300
  310    5     13.500000
  310   10     12.200000
  310   15     11.500000
  310   20     11.000000
  310   25     10.600000
  310   30     10.266020
  310   35     10.043840
  310   40      9.821280
  310   45      9.604995
  310   50      9.400290
  310   55      9.211236
  310   60      9.040833
  310   65      8.756500
  310   70      8.606900
  310   75      8.554600
  310   80      8.472100
  310   85      8.369500
  310   90      8.452900
  305  -90      6.290000
  305  -85      6.410275
  305  -80      6.556400
  305  -75      7.059275
  305  -70      7.633600
  305  -65      8.211876
  305  -60      8.753100
  305  -55      9.328725
  305  -50      9.862600
  305  -45     10.771430
  305  -40     11.971200
  305  -35     12.901150
  305  -30     13.771050
  305  -25     14.622830
  305  -20     15.800000
  305  -15     16.500000
  305  -10     17.038250
  305   -5     16.752270
  305    0     15.334550
  305    5     12.895100
  305   10     11.935250
  305   15     11.400000
  305   20     10.900000
  305   25     10.500000
  305   30     10.177460
  305   35      9.968448
  305   40      9.756863
  305   45      9.547611
  305   50      9.344897
  305   55      9.152182
  305   60      8.972228
  305   65      8.729774
  305   70      8.605750
  305   75      8.566175
  305   80      8.479200
  305   85      8.370325
  305   90      8.452900
  300  -90      6.290000
  300  -85      6.329700
  300  -80      6.400800
  300  -75      6.806950
  300  -70      7.365100
  300  -65      7.860900
  300  -60      8.358600
  300  -55      8.783199
  300  -50      9.386900
  300  -45     10.572150
  300  -40     11.700000
  300  -35     12.300000
  300  -30     13.000000
  300  -25     13.500000
  300  -20     14.000000
  300  -15     14.500000
  300  -10     14.900000
  300   -5     14.800000
  300    0     13.986100
  300    5     12.387300
  300   10     11.418400
  300   15     11.103250
  300   20     10.806100
  300   25     10.491150
  300   30     10.149300
  300   35      9.940349
  300   40      9.728279
  300   45      9.516517
  300   50      9.308155
  300   55      9.105889
  300   60      8.912000
  300   65      8.718000
  300   70      8.615800
  300   75      8.585051
  300   80      8.488500
  300   85      8.371850
  300   90      8.452900
  295  -90      6.290000
  295  -85      6.242300
  295  -80      6.271100
  295  -75      6.573200
  295  -70      7.147050
  295  -65      7.531000
  295  -60      7.918400
  295  -55      8.268450
  295  -50      8.954300
  295  -45     10.131900
  295  -40     11.132500
  295  -35     11.926280
  295  -30     12.655850
  295  -25     13.413500
  295  -20     13.900400
  295  -15     14.252200
  295  -10     14.545350
  295   -5     14.263900
  295    0     13.287700
  295    5     12.245000
  295   10     11.581850
  295   15     11.187270
  295   20     10.592200
  295   25     10.223070
  295   30      9.957350
  295   35      9.727400
  295   40      9.589050
  295   45      9.451250
  295   50      9.327050
  295   55      9.135349
  295   60      8.896749
  295   65      8.725325
  295   70      8.639601
  295   75      8.611700
  295   80      8.500401
  295   85      8.374050
  295   90      8.452900
  290  -90      6.290000
  290  -85      6.158500
  290  -80      6.135200
  290  -75      6.370200
  290  -70      6.848100
  290  -65      7.213250
  290  -60      7.421100
  290  -55      7.582750
  290  -50      8.309100
  290  -45      9.620150
  290  -40     10.397700
  290  -35     11.054450
  290  -30     11.844400
  290  -25     12.522500
  290  -20     13.029300
  290  -15     13.322600
  290  -10     13.391600
  290   -5     13.115950
  290    0     12.355600
  290    5     11.783050
  290   10     11.590700
  290   15     11.460400
  290   20     10.775600
  290   25     10.267850
  290   30      9.965200
  290   35      9.726250
  290   40      9.577400
  290   45      9.344100
  290   50      9.246400
  290   55      9.112550
  290   60      8.908900
  290   65      8.752450
  290   70      8.677300
  290   75      8.645901
  290   80      8.514600
  290   85      8.376850
  290   90      8.452900
  285  -90      6.290000
  285  -85      6.082475
  285  -80      5.998400
  285  -75      6.183200
  285  -70      6.530900
  285  -65      6.878900
  285  -60      6.962950
  285  -55      6.933600
  285  -50      7.482050
  285  -45      8.702650
  285  -40      9.622350
  285  -35     10.033120
  285  -30     10.517250
  285  -25     11.125150
  285  -20     11.845800
  285  -15     12.357050
  285  -10     12.368800
  285   -5     12.083350
  285    0     11.449750
  285    5     11.094820
  285   10     11.084150
  285   15     11.188920
  285   20     10.799050
  285   25     10.417330
  285   30     10.162800
  285   35      9.875775
  285   40      9.652150
  285   45      9.369550
  285   50      9.224900
  285   55      9.131050
  285   60      8.953550
  285   65      8.803200
  285   70      8.731550
  285   75      8.689051
  285   80      8.530600
  285   85      8.380475
  285   90      8.452900
  280  -90      6.290000
  280  -85      6.013050
  280  -80      5.879400
  280  -75      5.982750
  280  -70      6.258400
  280  -65      6.458800
  280  -60      6.576300
  280  -55      6.473050
  280  -50      6.761600
  280  -45      7.613350
  280  -40      8.461300
  280  -35      8.649100
  280  -30      8.760500
  280  -25      9.444150
  280  -20     10.421200
  280  -15     11.013750
  280  -10     11.202200
  280   -5     11.100550
  280    0     10.804900
  280    5     10.626150
  280   10     10.456000
  280   15     10.500300
  280   20     10.753000
  280   25     10.707250
  280   30     10.414300
  280   35     10.019800
  280   40      9.835900
  280   45      9.505449
  280   50      9.258200
  280   55      9.194800
  280   60      9.031300
  280   65      8.879150
  280   70      8.802800
  280   75      8.740250
  280   80      8.547700
  280   85      8.384800
  280   90      8.452900
  275  -90      6.290000
  275  -85      5.949475
  275  -80      5.775050
  275  -75      5.815650
  275  -70      5.961300
  275  -65      6.074875
  275  -60      6.121000
  275  -55      6.047475
  275  -50      6.088900
  275  -45      6.396550
  275  -40      6.849800
  275  -35      7.083200
  275  -30      7.173150
  275  -25      7.624525
  275  -20      8.322150
  275  -15      8.968425
  275  -10      9.548450
  275   -5      9.929700
  275    0     10.105400
  275    5     10.096430
  275   10      9.891001
  275   15      9.943151
  275   20     10.282000
  275   25     10.445650
  275   30     10.462400
  275   35     10.309500
  275   40     10.095650
  275   45      9.695601
  275   50      9.405700
  275   55      9.322550
  275   60      9.157800
  275   65      8.991751
  275   70      8.896500
  275   75      8.799175
  275   80      8.565100
  275   85      8.389950
  275   90      8.452900
  270  -90      6.290000
  270  -85      5.890650
  270  -80      5.679100
  270  -75      5.673800
  270  -70      5.712600
  270  -65      5.695700
  270  -60      5.581400
  270  -55      5.505950
  270  -50      5.588400
  270  -45      5.533350
  270  -40      5.507600
  270  -35      5.601450
  270  -30      5.665700
  270  -25      5.959250
  270  -20      6.434900
  270  -15      7.193400
  270  -10      8.116900
  270   -5      8.917900
  270    0      9.445900
  270    5      9.541300
  270   10      9.438100
  270   15      9.485050
  270   20      9.779900
  270   25     10.163600
  270   30     10.544800
  270   35     10.680650
  270   40     10.456700
  270   45     10.020550
  270   50      9.677800
  270   55      9.543800
  270   60      9.342900
  270   65      9.142050
  270   70      9.011900
  270   75      8.864000
  270   80      8.582100
  270   85      8.395950
  270   90      8.452900
  265  -90      6.290000
  265  -85      5.836225
  265  -80      5.586800
  265  -75      5.543225
  265  -70      5.517750
  265  -65      5.412900
  265  -60      5.188150
  265  -55      5.061475
  265  -50      5.119400
  265  -45      5.084400
  265  -40      4.979700
  265  -35      4.947275
  265  -30      4.984300
  265  -25      5.179600
  265  -20      5.524750
  265  -15      6.230025
  265  -10      7.315400
  265   -5      8.377225
  265    0      8.700000
  265    5      8.900000
  265   10      9.006650
  265   15      9.088600
  265   20      9.442650
  265   25      9.971250
  265   30     10.582850
  265   35     10.953930
  265   40     10.838700
  265   45     10.388400
  265   50      9.986401
  265   55      9.815800
  265   60      9.564400
  265   65      9.310975
  265   70      9.137199
  265   75      8.929675
  265   80      8.597600
  265   85      8.403150
  265   90      8.452900
  260  -90      6.290000
  260  -85      5.785200
  260  -80      5.493300
  260  -75      5.424450
  260  -70      5.354700
  260  -65      5.174000
  260  -60      4.877200
  260  -55      4.688600
  260  -50      4.611900
  260  -45      4.625200
  260  -40      4.634400
  260  -35      4.591900
  260  -30      4.582700
  260  -25      4.764300
  260  -20      5.114700
  260  -15      5.732050
  260  -10      6.900700
  260   -5      7.800000
  260    0      8.300000
  260    5      8.500000
  260   10      8.753551
  260   15      8.993800
  260   20      9.456600
  260   25     10.039800
  260   30     10.686400
  260   35     11.214000
  260   40     11.261500
  260   45     10.794350
  260   50     10.383000
  260   55     10.126600
  260   60      9.781500
  260   65      9.456249
  260   70      9.242500
  260   75      8.983450
  260   80      8.610800
  260   85      8.411350
  260   90      8.452900
  255  -90      6.290000
  255  -85      5.737550
  255  -80      5.400300
  255  -75      5.295575
  255  -70      5.182450
  255  -65      4.941325
  255  -60      4.609650
  255  -55      4.373500
  255  -50      4.189950
  255  -45      4.191375
  255  -40      4.318350
  255  -35      4.375600
  255  -30      4.423050
  255  -25      4.613275
  255  -20      5.002450
  255  -15      5.655050
  255  -10      6.851400
  255   -5      7.800000
  255    0      7.950000
  255    5      8.000000
  255   10      8.385306
  255   15      8.829749
  255   20      9.750000
  255   25     10.474730
  255   30     10.949900
  255   35     11.371500
  255   40     11.480000
  255   45     11.227850
  255   50     10.850300
  255   55     10.402600
  255   60      9.953100
  255   65      9.570425
  255   70      9.313900
  255   75      9.012976
  255   80      8.621000
  255   85      8.421025
  255   90      8.452900
  250  -90      6.290000
  250  -85      5.692900
  250  -80      5.316900
  250  -75      5.147450
  250  -70      4.992300
  250  -65      4.701850
  250  -60      4.363400
  250  -55      4.103800
  250  -50      3.886700
  250  -45      3.873000
  250  -40      4.039100
  250  -35      4.275500
  250  -30      4.446900
  250  -25      4.671250
  250  -20      5.055400
  250  -15      5.709200
  250  -10      6.835100
  250   -5      7.500000
  250    0      8.000000
  250    5      8.600000
  250   10      9.000000
  250   15      9.400000
  250   20      9.966989
  250   25     10.956550
  250   30     11.257500
  250   35     11.523350
  250   40     11.658300
  250   45     11.598400
  250   50     11.302000
  250   55     10.658100
  250   60     10.138400
  250   65      9.704050
  250   70      9.380100
  250   75      9.022000
  250   80      8.628400
  250   85      8.432051
  250   90      8.452900
  245  -90      6.290000
  245  -85      5.651600
  245  -80      5.232300
  245  -75      4.987300
  245  -70      4.780700
  245  -65      4.461150
  245  -60      4.140450
  245  -55      3.880225
  245  -50      3.669800
  245  -45      3.661150
  245  -40      3.845600
  245  -35      4.239050
  245  -30      4.588400
  245  -25      4.790275
  245  -20      5.106200
  245  -15      5.725050
  245  -10      6.787750
  245   -5      7.800000
  245    0      8.287651
  245    5      8.580759
  245   10      9.200000
  245   15      9.600000
  245   20     10.500000
  245   25     11.396680
  245   30     11.662200
  245   35     11.781050
  245   40     11.855200
  245   45     11.768150
  245   50     11.507300
  245   55     10.928730
  245   60     10.383150
  245   65      9.884350
  245   70      9.456900
  245   75      9.019400
  245   80      8.633900
  245   85      8.444875
  245   90      8.452900
  240  -90      6.290000
  240  -85      5.613550
  240  -80      5.150700
  240  -75      4.832000
  240  -70      4.577500
  240  -65      4.249050
  240  -60      3.945700
  240  -55      3.698600
  240  -50      3.508200
  240  -45      3.516650
  240  -40      3.757700
  240  -35      4.244350
  240  -30      4.695200
  240  -25      4.883750
  240  -20      5.182700
  240  -15      5.920450
  240  -10      7.267100
  240   -5      8.500000
  240    0      9.123158
  240    5      9.681822
  240   10     10.192150
  240   15     10.452360
  240   20     11.105890
  240   25     12.018650
  240   30     12.132300
  240   35     12.095500
  240   40     12.056500
  240   45     11.895300
  240   50     11.544900
  240   55     11.114450
  240   60     10.633500
  240   65     10.086300
  240   70      9.537400
  240   75      9.015551
  240   80      8.639700
  240   85      8.459500
  240   90      8.452900
  235  -90      6.290000
  235  -85      5.579650
  235  -80      5.077700
  235  -75      4.700775
  235  -70      4.410600
  235  -65      4.091850
  235  -60      3.799750
  235  -55      3.564600
  235  -50      3.390200
  235  -45      3.409200
  235  -40      3.692650
  235  -35      4.215725
  235  -30      4.695400
  235  -25      5.019275
  235  -20      5.554000
  235  -15      6.816875
  235  -10      8.662600
  235   -5     10.180480
  235    0     11.479640
  235    5     11.789740
  235   10     11.995110
  235   15     12.052670
  235   20     12.591180
  235   25     12.750750
  235   30     12.633200
  235   35     12.433770
  235   40     12.274250
  235   45     12.016100
  235   50     11.571500
  235   55     11.246120
  235   60     10.845150
  235   65     10.278520
  235   70      9.616199
  235   75      9.017450
  235   80      8.647949
  235   85      8.476025
  235   90      8.452900
  230  -90      6.290000
  230  -85      5.550300
  230  -80      5.016400
  230  -75      4.601750
  230  -70      4.295000
  230  -65      3.992900
  230  -60      3.717800
  230  -55      3.495850
  230  -50      3.323600
  230  -45      3.342750
  230  -40      3.636800
  230  -35      4.162650
  230  -30      4.702100
  230  -25      5.300000
  230  -20      6.583600
  230  -15      8.960751
  230  -10     11.321600
  230   -5     13.033450
  230    0     13.834400
  230    5     14.109500
  230   10     14.102550
  230   15     13.871400
  230   20     13.663300
  230   25     13.401550
  230   30     13.115800
  230   35     12.770600
  230   40     12.516600
  230   45     12.176550
  230   50     11.670500
  230   55     11.349150
  230   60     10.997800
  230   65     10.431500
  230   70      9.684100
  230   75      9.026900
  230   80      8.660700
  230   85      8.494350
  230   90      8.452900
  225  -90      6.290000
  225  -85      5.526675
  225  -80      4.970900
  225  -75      4.538450
  225  -70      4.228500
  225  -65      3.959825
  225  -60      3.714200
  225  -55      3.522050
  225  -50      3.358650
  225  -45      3.377525
  225  -40      3.674650
  225  -35      4.212150
  225  -30      4.946400
  225  -25      6.314575
  225  -20      8.875750
  225  -15     11.770750
  225  -10     14.109600
  225   -5     15.159120
  225    0     15.425150
  225    5     15.327470
  225   10     15.352750
  225   15     14.970920
  225   20     14.503800
  225   25     14.074900
  225   30     13.607450
  225   35     13.128450
  225   40     12.793900
  225   45     12.388320
  225   50     11.809900
  225   55     11.452700
  225   60     11.100200
  225   65     10.524620
  225   70      9.729050
  225   75      9.044325
  225   80      8.680201
  225   85      8.514600
  225   90      8.452900
  220  -90      6.290000
  220  -85      5.509100
  220  -80      4.940700
  220  -75      4.506600
  220  -70      4.209300
  220  -65      3.994900
  220  -60      3.786400
  220  -55      3.638300
  220  -50      3.543200
  220  -45      3.592050
  220  -40      3.913600
  220  -35      4.554550
  220  -30      5.939700
  220  -25      8.551400
  220  -20     11.804600
  220  -15     15.016300
  220  -10     17.030400
  220   -5     17.875250
  220    0     18.116000
  220    5     17.957800
  220   10     17.796800
  220   15     17.129450
  220   20     16.260800
  220   25     15.233050
  220   30     14.269400
  220   35     13.654600
  220   40     13.210300
  220   45     12.703550
  220   50     12.030400
  220   55     11.584200
  220   60     11.171400
  220   65     10.563600
  220   70      9.749800
  220   75      9.068500
  220   80      8.707500
  220   85      8.536449
  220   90      8.452900
  215  -90      6.290000
  215  -85      5.498825
  215  -80      4.926850
  215  -75      4.507800
  215  -70      4.244900
  215  -65      4.113600
  215  -60      3.997450
  215  -55      3.949800
  215  -50      4.015350
  215  -45      4.166175
  215  -40      4.560950
  215  -35      5.615150
  215  -30      8.308800
  215  -25     11.519000
  215  -20     15.290400
  215  -15     18.915500
  215  -10     21.428950
  215   -5     22.737720
  215    0     23.179450
  215    5     22.884250
  215   10     22.037400
  215   15     20.646400
  215   20     19.231700
  215   25     17.358750
  215   30     15.424900
  215   35     14.437230
  215   40     13.752200
  215   45     13.079800
  215   50     12.267900
  215   55     11.684000
  215   60     11.205150
  215   65     10.553950
  215   70      9.748051
  215   75      9.099276
  215   80      8.744700
  215   85      8.559925
  215   90      8.452900
  210  -90      6.290000
  210  -85      5.495850
  210  -80      4.927900
  210  -75      4.535550
  210  -70      4.323900
  210  -65      4.300150
  210  -60      4.374700
  210  -55      4.549400
  210  -50      4.806900
  210  -45      5.105300
  210  -40      5.780800
  210  -35      7.761900
  210  -30     10.900700
  210  -25     14.508950
  210  -20     18.945800
  210  -15     22.714850
  210  -10     24.319000
  210   -5     25.499000
  210    0     26.238300
  210    5     26.983250
  210   10     26.121900
  210   15     23.583300
  210   20     21.458400
  210   25     19.394350
  210   30     16.911400
  210   35     15.315900
  210   40     14.303700
  210   45     13.442050
  210   50     12.393300
  210   55     11.660300
  210   60     11.160900
  210   65     10.507900
  210   70      9.733500
  210   75      9.136000
  210   80      8.791400
  210   85      8.584400
  210   90      8.452900
  205  -90      6.290000
  205  -85      5.501250
  205  -80      4.944150
  205  -75      4.585550
  205  -70      4.424300
  205  -65      4.507475
  205  -60      4.799350
  205  -55      5.189950
  205  -50      5.560200
  205  -45      6.001750
  205  -40      7.060100
  205  -35      9.704550
  205  -30     13.237400
  205  -25     16.834700
  205  -20     21.248500
  205  -15     24.692000
  205  -10     25.838700
  205   -5     26.467400
  205    0     27.014950
  205    5     28.056800
  205   10     27.060750
  205   15     24.435070
  205   20     22.039750
  205   25     20.249020
  205   30     17.968100
  205   35     15.920850
  205   40     14.753050
  205   45     13.755520
  205   50     12.538900
  205   55     11.661330
  205   60     11.084900
  205   65     10.440370
  205   70      9.715151
  205   75      9.179325
  205   80      8.846650
  205   85      8.609574
  205   90      8.452900
  200  -90      6.290000
  200  -85      5.514550
  200  -80      4.974100
  200  -75      4.654500
  200  -70      4.551600
  200  -65      4.724100
  200  -60      5.128900
  200  -55      5.572700
  200  -50      5.952500
  200  -45      6.420050
  200  -40      7.679700
  200  -35     10.652800
  200  -30     14.489400
  200  -25     17.965250
  200  -20     23.410800
  200  -15     27.107400
  200  -10     28.423700
  200   -5     28.806150
  200    0     28.630400
  200    5     28.500450
  200   10     26.739500
  200   15     24.424250
  200   20     22.062000
  200   25     20.383350
  200   30     18.353500
  200   35     16.287000
  200   40     14.821200
  200   45     13.904950
  200   50     12.673200
  200   55     11.686400
  200   60     11.008100
  200   65     10.365650
  200   70      9.697800
  200   75      9.226749
  200   80      8.907000
  200   85      8.634800
  200   90      8.452900
  195  -90      6.290000
  195  -85      5.536650
  195  -80      5.018200
  195  -75      4.745975
  195  -70      4.708650
  195  -65      4.949925
  195  -60      5.401150
  195  -55      5.820000
  195  -50      6.160000
  195  -45      6.519700
  195  -40      7.548450
  195  -35     10.127700
  195  -30     13.791200
  195  -25     18.285320
  195  -20     25.007800
  195  -15     29.127530
  195  -10     30.162350
  195   -5     30.428700
  195    0     29.279900
  195    5     28.149830
  195   10     26.302550
  195   15     24.140850
  195   20     22.081000
  195   25     20.302350
  195   30     18.309450
  195   35     16.150700
  195   40     14.507950
  195   45     13.760450
  195   50     12.790250
  195   55     11.643000
  195   60     10.875950
  195   65     10.280500
  195   70      9.680450
  195   75      9.274525
  195   80      8.970051
  195   85      8.659575
  195   90      8.452900
  190  -90      6.290000
  190  -85      5.566650
  190  -80      5.074300
  190  -75      4.858050
  190  -70      4.886600
  190  -65      5.175500
  190  -60      5.641400
  190  -55      6.035150
  190  -50      6.292000
  190  -45      6.614050
  190  -40      7.284400
  190  -35      9.251650
  190  -30     12.941500
  190  -25     18.029800
  190  -20     24.478000
  190  -15     29.142150
  190  -10     30.516400
  190   -5     30.933350
  190    0     29.389700
  190    5     27.403650
  190   10     25.607800
  190   15     23.594300
  190   20     22.118800
  190   25     20.505900
  190   30     18.164000
  190   35     16.088150
  190   40     14.414600
  190   45     13.712100
  190   50     12.704400
  190   55     11.501250
  190   60     10.717400
  190   65     10.194250
  190   70      9.668500
  190   75      9.324650
  190   80      9.032800
  190   85      8.683399
  190   90      8.452900
  185  -90      6.290000
  185  -85      5.604750
  185  -80      5.141000
  185  -75      4.986825
  185  -70      5.078000
  185  -65      5.396350
  185  -60      5.902050
  185  -55      6.316050
  185  -50      6.439350
  185  -45      6.883625
  185  -40      7.665300
  185  -35      9.539675
  185  -30     13.269200
  185  -25     17.930650
  185  -20     22.562800
  185  -15     26.800100
  185  -10     28.808750
  185   -5     29.721530
  185    0     30.098600
  185    5     27.654920
  185   10     25.373500
  185   15     23.307330
  185   20     22.266250
  185   25     20.734020
  185   30     18.408350
  185   35     16.258650
  185   40     14.548350
  185   45     13.798300
  185   50     12.585400
  185   55     11.417080
  185   60     10.631900
  185   65     10.134530
  185   70      9.685500
  185   75      9.384975
  185   80      9.083250
  185   85      8.705650
  185   90      8.452900
  180  -90      6.290000
  180  -85      5.650050
  180  -80      5.216800
  180  -75      5.121050
  180  -70      5.268600
  180  -65      5.612300
  180  -60      6.186200
  180  -55      6.634300
  180  -50      6.704600
  180  -45      7.236300
  180  -40      8.521200
  180  -35     10.472550
  180  -30     13.908500
  180  -25     17.990200
  180  -20     20.922300
  180  -15     24.013900
  180  -10     26.378800
  180   -5     27.645550
  180    0     28.343000
  180    5     25.814800
  180   10     24.247000
  180   15     22.906400
  180   20     21.981100
  180   25     20.557500
  180   30     18.425400
  180   35     16.299600
  180   40     14.676500
  180   45     13.783700
  180   50     12.478500
  180   55     11.386350
  180   60     10.598600
  180   65     10.052160
  180   70      9.592928
  180   75      9.209900
  180   80      8.895299
  180   85      8.643953
  180   90      8.452900
  175  -90      6.290000
  175  -85      5.701700
  175  -80      5.303150
  175  -75      5.247300
  175  -70      5.444700
  175  -65      5.842200
  175  -60      6.422650
  175  -55      6.917050
  175  -50      7.011050
  175  -45      7.799225
  175  -40      9.594600
  175  -35     11.298200
  175  -30     14.358050
  175  -25     18.137600
  175  -20     20.411650
  175  -15     22.359470
  175  -10     24.051050
  175   -5     24.711320
  175    0     25.099800
  175    5     24.356650
  175   10     23.938700
  175   15     22.866700
  175   20     21.387550
  175   25     20.100430
  175   30     18.628000
  175   35     16.399720
  175   40     14.734700
  175   45     13.514650
  175   50     12.312150
  175   55     11.311480
  175   60     10.621900
  175   65     10.073760
  175   70      9.611617
  175   75      9.224810
  175   80      8.905760
  175   85      8.649421
  175   90      8.452900
  170  -90      6.290000
  170  -85      5.759300
  170  -80      5.408900
  170  -75      5.368500
  170  -70      5.635800
  170  -65      6.067800
  170  -60      6.633600
  170  -55      7.169450
  170  -50      7.347600
  170  -45      8.469851
  170  -40     10.074100
  170  -35     11.660500
  170  -30     15.063900
  170  -25     18.566850
  170  -20     20.464500
  170  -15     21.748000
  170  -10     22.680800
  170   -5     22.399100
  170    0     21.669700
  170    5     21.309550
  170   10     21.587600
  170   15     21.564650
  170   20     20.549500
  170   25     19.736400
  170   30     18.419000
  170   35     16.164450
  170   40     14.381800
  170   45     13.096350
  170   50     12.055200
  170   55     11.119500
  170   60     10.624000
  170   65     10.081890
  170   70      9.622289
  170   75      9.235450
  170   80      8.914394
  170   85      8.654443
  170   90      8.452900
  165  -90      6.290000
  165  -85      5.822625
  165  -80      5.525650
  165  -75      5.514225
  165  -70      5.819950
  165  -65      6.267275
  165  -60      6.843550
  165  -55      7.536425
  165  -50      7.811300
  165  -45      8.915200
  165  -40     10.088350
  165  -35     11.570570
  165  -30     15.376550
  165  -25     18.908470
  165  -20     20.487050
  165  -15     21.211700
  165  -10     21.489750
  165   -5     20.431400
  165    0     19.151500
  165    5     18.783700
  165   10     19.264100
  165   15     19.556100
  165   20     19.459200
  165   25     18.737920
  165   30     17.543400
  165   35     15.474850
  165   40     13.790000
  165   45     12.640170
  165   50     11.676950
  165   55     10.827630
  165   60     10.606490
  165   65     10.077440
  165   70      9.625403
  165   75      9.242043
  165   80      8.921292
  165   85      8.659039
  165   90      8.452900
  160  -90      6.290000
  160  -85      5.890450
  160  -80      5.653000
  160  -75      5.664550
  160  -70      5.991900
  160  -65      6.448800
  160  -60      7.040400
  160  -55      7.874400
  160  -50      8.572300
  160  -45      9.387449
  160  -40     10.214700
  160  -35     11.771900
  160  -30     15.440300
  160  -25     18.162800
  160  -20     19.712000
  160  -15     20.190100
  160  -10     20.059700
  160   -5     18.760000
  160    0     17.556800
  160    5     17.282600
  160   10     17.666400
  160   15     18.308650
  160   20     18.471600
  160   25     17.529500
  160   30     16.447900
  160   35     14.915550
  160   40     13.390400
  160   45     12.263950
  160   50     11.301400
  160   55     10.626700
  160   60     10.450000
  160   65     10.061780
  160   70      9.621701
  160   75      9.244951
  160   80      8.926598
  160   85      8.663243
  160   90      8.452900
  155  -90      6.290000
  155  -85      5.962550
  155  -80      5.795600
  155  -75      5.832850
  155  -70      6.171600
  155  -65      6.644625
  155  -60      7.264250
  155  -55      8.145225
  155  -50      9.218400
  155  -45      9.761375
  155  -40     10.503150
  155  -35     12.505720
  155  -30     15.133000
  155  -25     17.050000
  155  -20     18.703300
  155  -15     19.257720
  155  -10     18.816650
  155   -5     17.681580
  155    0     16.652250
  155    5     16.607100
  155   10     17.071900
  155   15     17.471000
  155   20     17.392150
  155   25     16.517700
  155   30     15.751400
  155   35     14.636850
  155   40     13.303650
  155   45     12.133830
  155   50     11.208800
  155   55     10.584530
  155   60     10.350000
  155   65     10.036720
  155   70      9.612155
  155   75      9.244653
  155   80      8.930505
  155   85      8.667103
  155   90      8.452900
  150  -90      6.290000
  150  -85      6.038100
  150  -80      5.955900
  150  -75      6.037900
  150  -70      6.387300
  150  -65      6.900550
  150  -60      7.650000
  150  -55      8.674850
  150  -50      9.566100
  150  -45     10.097950
  150  -40     10.829200
  150  -35     12.776300
  150  -30     14.881500
  150  -25     16.723800
  150  -20     18.401800
  150  -15     18.768900
  150  -10     18.305100
  150   -5     17.452050
  150    0     16.726100
  150    5     16.618750
  150   10     16.844000
  150   15     16.960850
  150   20     16.652200
  150   25     15.893450
  150   30     15.278700
  150   35     14.355200
  150   40     13.162100
  150   45     12.075000
  150   50     11.291900
  150   55     10.651100
  150   60     10.330000
  150   65     10.004320
  150   70      9.597921
  150   75      9.241730
  150   80      8.933250
  150   85      8.670673
  150   90      8.452900
  145  -90      6.290000
  145  -85      6.117000
  145  -80      6.138350
  145  -75      6.315675
  145  -70      6.707750
  145  -65      7.319225
  145  -60      8.318450
  145  -55      9.321200
  145  -50      9.672300
  145  -45     10.082650
  145  -40     10.873900
  145  -35     12.277570
  145  -30     14.499900
  145  -25     16.341180
  145  -20     17.734800
  145  -15     18.364050
  145  -10     18.324750
  145   -5     17.833630
  145    0     17.311000
  145    5     16.946170
  145   10     16.742900
  145   15     16.513650
  145   20     16.070000
  145   25     15.396550
  145   30     14.712150
  145   35     13.887500
  145   40     12.936850
  145   45     11.962680
  145   50     11.302300
  145   55     10.615630
  145   60     10.300000
  145   65      9.966846
  145   70      9.580284
  145   75      9.236837
  145   80      8.935107
  145   85      8.674018
  145   90      8.452900
  140  -90      6.290000
  140  -85      6.198650
  140  -80      6.341300
  140  -75      6.691000
  140  -70      7.218000
  140  -65      7.975350
  140  -60      9.100600
  140  -55      9.866699
  140  -50      9.875200
  140  -45     10.057200
  140  -40     10.831000
  140  -35     12.066750
  140  -30     14.390500
  140  -25     16.553100
  140  -20     17.287300
  140  -15     17.920600
  140  -10     17.966100
  140   -5     17.747950
  140    0     17.417200
  140    5     16.944100
  140   10     16.432600
  140   15     15.949900
  140   20     15.401800
  140   25     14.777800
  140   30     14.073700
  140   35     13.310500
  140   40     12.568400
  140   45     11.757000
  140   50     11.208100
  140   55     10.500000
  140   60     10.200000
  140   65      9.926593
  140   70      9.560591
  140   75      9.230682
  140   80      8.936371
  140   85      8.677212
  140   90      8.452900
  135  -90      6.290000
  135  -85      6.283325
  135  -80      6.563450
  135  -75      7.178050
  135  -70      7.919000
  135  -65      8.731375
  135  -60      9.612000
  135  -55     10.337330
  135  -50     10.124450
  135  -45     10.187430
  135  -40     11.022750
  135  -35     12.484670
  135  -30     14.877350
  135  -25     16.955550
  135  -20     17.694300
  135  -15     17.757680
  135  -10     17.514850
  135   -5     17.149300
  135    0     16.628200
  135    5     16.115950
  135   10     15.698100
  135   15     15.350950
  135   20     14.856500
  135   25     14.233400
  135   30     13.647150
  135   35     12.974230
  135   40     12.254650
  135   45     11.611270
  135   50     11.040850
  135   55     10.300000
  135   60     10.000000
  135   65      9.885809
  135   70      9.540203
  135   75      9.223993
  135   80      8.937356
  135   85      8.680329
  135   90      8.452900
  130  -90      6.290000
  130  -85      6.370800
  130  -80      6.798800
  130  -75      7.663600
  130  -70      8.613400
  130  -65      9.346251
  130  -60     10.035700
  130  -55     10.569700
  130  -50     10.332700
  130  -45     10.523500
  130  -40     11.482900
  130  -35     13.237600
  130  -30     15.665400
  130  -25     16.949250
  130  -20     17.257800
  130  -15     17.314350
  130  -10     17.061100
  130   -5     16.305650
  130    0     15.534200
  130    5     15.040750
  130   10     14.824900
  130   15     14.700850
  130   20     14.351900
  130   25     13.708800
  130   30     13.125900
  130   35     12.450000
  130   40     11.801200
  130   45     11.365500
  130   50     10.792400
  130   55     10.250000
  130   60      9.950000
  130   65      9.846608
  130   70      9.520446
  130   75      9.217499
  130   80      8.938378
  130   85      8.683450
  130   90      8.452900
  125  -90      6.290000
  125  -85      6.461150
  125  -80      7.039550
  125  -75      8.067575
  125  -70      9.116250
  125  -65      9.748600
  125  -60     10.358250
  125  -55     10.782300
  125  -50     10.697200
  125  -45     11.181180
  125  -40     12.446900
  125  -35     14.505130
  125  -30     16.078400
  125  -25     16.523570
  125  -20     16.765400
  125  -15     16.876450
  125  -10     16.547300
  125   -5     15.448350
  125    0     14.408500
  125    5     14.013120
  125   10     13.891600
  125   15     13.836520
  125   20     13.673750
  125   25     13.097200
  125   30     12.523500
  125   35     11.986020
  125   40     11.543200
  125   45     11.169100
  125   50     10.671350
  125   55     10.150000
  125   60      9.950000
  125   65      9.810923
  125   70      9.502569
  125   75      9.211904
  125   80      8.939752
  125   85      8.686649
  125   90      8.452900
  120  -90      6.290000
  120  -85      6.555350
  120  -80      7.225500
  120  -75      8.411000
  120  -70      9.371500
  120  -65     10.025100
  120  -60     10.588300
  120  -55     10.977800
  120  -50     11.197600
  120  -45     12.156650
  120  -40     13.958600
  120  -35     15.671150
  120  -30     16.116600
  120  -25     15.987950
  120  -20     16.015900
  120  -15     15.951050
  120  -10     15.364300
  120   -5     14.367150
  120    0     13.490700
  120    5     13.257300
  120   10     13.138100
  120   15     13.073850
  120   20     13.045000
  120   25     12.585350
  120   30     12.116100
  120   35     11.752500
  120   40     11.472500
  120   45     11.161050
  120   50     10.731500
  120   55     10.100000
  120   60      9.900000
  120   65      9.780456
  120   70      9.487715
  120   75      9.207870
  120   80      8.941774
  120   85      8.690005
  120   90      8.452900
  115  -90      6.290000
  115  -85      6.650100
  115  -80      7.391850
  115  -75      8.623825
  115  -70      9.515550
  115  -65     10.184680
  115  -60     10.778600
  115  -55     11.307620
  115  -50     11.812000
  115  -45     12.807270
  115  -40     14.648900
  115  -35     15.699550
  115  -30     15.679750
  115  -25     15.320630
  115  -20     15.016750
  115  -15     14.620570
  115  -10     14.092950
  115   -5     13.394950
  115    0     12.890700
  115    5     12.779470
  115   10     12.739550
  115   15     12.684800
  115   20     12.650900
  115   25     12.261570
  115   30     11.911900
  115   35     11.699670
  115   40     11.551300
  115   45     11.267720
  115   50     10.836900
  115   55     10.131730
  115   60     10.044340
  115   65      9.756669
  115   70      9.476898
  115   75      9.206002
  115   80      8.944725
  115   85      8.693588
  115   90      8.452900
  110  -90      6.290000
  110  -85      6.733800
  110  -80      7.555000
  110  -75      8.733299
  110  -70      9.591900
  110  -65     10.278250
  110  -60     10.948200
  110  -55     11.691550
  110  -50     12.465200
  110  -45     13.400350
  110  -40     14.676200
  110  -35     15.151750
  110  -30     15.108000
  110  -25     14.948700
  110  -20     14.648000
  110  -15     14.239800
  110  -10     13.908300
  110   -5     13.355150
  110    0     12.733000
  110    5     12.481400
  110   10     12.521500
  110   15     12.577250
  110   20     12.486600
  110   25     12.120050
  110   30     11.789400
  110   35     11.580750
  110   40     11.475000
  110   45     11.248750
  110   50     10.851800
  110   55     10.219950
  110   60     10.015480
  110   65      9.740781
  110   70      9.470991
  110   75      9.206826
  110   80      8.948850
  110   85      8.697461
  110   90      8.452900
  105  -90      6.290000
  105  -85      6.806300
  105  -80      7.720100
  105  -75      8.811350
  105  -70      9.635300
  105  -65     10.328650
  105  -60     11.044900
  105  -55     11.869170
  105  -50     12.669400
  105  -45     13.310130
  105  -40     14.103150
  105  -35     14.557270
  105  -30     14.768550
  105  -25     14.883000
  105  -20     14.809050
  105  -15     14.500450
  105  -10     14.192500
  105   -5     13.667800
  105    0     12.927200
  105    5     12.526800
  105   10     12.515850
  105   15     12.599820
  105   20     12.515250
  105   25     12.160500
  105   30     11.809700
  105   35     11.535020
  105   40     11.377450
  105   45     11.149270
  105   50     10.782250
  105   55     10.251420
  105   60      9.999521
  105   65      9.733768
  105   70      9.470710
  105   75      9.210789
  105   80      8.954360
  105   85      8.701678
  105   90      8.452900
  100  -90      6.290000
  100  -85      6.878300
  100  -80      7.891100
  100  -75      8.882299
  100  -70      9.676300
  100  -65     10.362150
  100  -60     11.084200
  100  -55     11.913850
  100  -50     12.679400
  100  -45     13.340250
  100  -40     13.986800
  100  -35     14.511550
  100  -30     14.779700
  100  -25     14.860450
  100  -20     15.029100
  100  -15     15.029700
  100  -10     14.757100
  100   -5     14.021000
  100    0     13.363800
  100    5     12.899950
  100   10     12.633000
  100   15     12.661850
  100   20     12.617500
  100   25     12.268550
  100   30     11.890200
  100   35     11.572550
  100   40     11.280300
  100   45     11.008550
  100   50     10.689800
  100   55     10.285850
  100   60      9.997308
  100   65      9.736375
  100   70      9.476617
  100   75      9.218243
  100   80      8.961424
  100   85      8.706285
  100   90      8.452900
   95  -90      6.290000
   95  -85      6.950775
   95  -80      8.041600
   95  -75      8.961599
   95  -70      9.734051
   95  -65     10.408950
   95  -60     11.120200
   95  -55     11.924130
   95  -50     12.643100
   95  -45     13.341070
   95  -40     13.943700
   95  -35     14.488350
   95  -30     14.858750
   95  -25     15.055150
   95  -20     15.352500
   95  -15     15.466830
   95  -10     15.278600
   95   -5     14.669550
   95    0     13.947650
   95    5     13.338670
   95   10     12.991050
   95   15     12.883470
   95   20     12.717650
   95   25     12.317650
   95   30     11.948850
   95   35     11.619530
   95   40     11.257250
   95   45     10.927000
   95   50     10.615750
   95   55     10.328200
   95   60     10.009420
   95   65      9.749122
   95   70      9.489111
   95   75      9.229445
   95   80      8.970168
   95   85      8.711313
   95   90      8.452900
   90  -90      6.290000
   90  -85      7.023500
   90  -80      8.128200
   90  -75      9.053850
   90  -70      9.818100
   90  -65     10.490250
   90  -60     11.193200
   90  -55     11.995900
   90  -50     12.724200
   90  -45     13.346950
   90  -40     13.802400
   90  -35     14.388400
   90  -30     14.911100
   90  -25     15.149150
   90  -20     15.373900
   90  -15     15.459200
   90  -10     15.360900
   90   -5     15.042350
   90    0     14.477000
   90    5     13.846350
   90   10     13.386700
   90   15     13.106600
   90   20     12.752500
   90   25     12.357850
   90   30     12.022900
   90   35     11.679350
   90   40     11.354100
   90   45     10.951900
   90   50     10.613600
   90   55     10.401900
   90   60     10.036200
   90   65      9.772316
   90   70      9.508433
   90   75      9.244550
   90   80      8.980666
   90   85      8.716784
   90   90      8.452900
   85  -90      6.290000
   85  -85      7.095825
   85  -80      8.213500
   85  -75      9.161625
   85  -70      9.932700
   85  -65     10.610450
   85  -60     11.304750
   85  -55     12.092850
   85  -50     12.736550
   85  -45     13.375450
   85  -40     13.828950
   85  -35     14.388420
   85  -30     14.911900
   85  -25     15.035270
   85  -20     15.240450
   85  -15     15.382000
   85  -10     15.367400
   85   -5     15.242480
   85    0     14.802250
   85    5     14.214120
   85   10     13.702850
   85   15     13.253750
   85   20     12.792800
   85   25     12.431320
   85   30     12.124700
   85   35     11.805830
   85   40     11.496500
   85   45     11.073380
   85   50     10.736600
   85   55     10.553100
   85   60     10.219250
   85   65      9.895676
   85   70      9.719550
   85   75      9.387825
   85   80      8.989100
   85   85      8.671550
   85   90      8.452900
   80  -90      6.290000
   80  -85      7.167350
   80  -80      8.299100
   80  -75      9.282249
   80  -70     10.070400
   80  -65     10.754550
   80  -60     11.455600
   80  -55     12.279900
   80  -50     12.889700
   80  -45     13.385250
   80  -40     13.936800
   80  -35     14.370450
   80  -30     14.771900
   80  -25     14.904350
   80  -20     15.108400
   80  -15     15.295350
   80  -10     15.390300
   80   -5     15.328400
   80    0     14.943600
   80    5     14.551250
   80   10     14.109100
   80   15     13.548500
   80   20     13.027700
   80   25     12.681250
   80   30     12.397300
   80   35     12.085600
   80   40     11.700600
   80   45     11.268950
   80   50     10.927800
   80   55     10.684950
   80   60     10.294060
   80   65      9.950900
   80   70      9.721100
   80   75      9.328750
   80   80      8.940600
   80   85      8.656651
   80   90      8.452900
   75  -90      6.290000
   75  -85      7.236600
   75  -80      8.385450
   75  -75      9.413324
   75  -70     10.225800
   75  -65     10.918100
   75  -60     11.645450
   75  -55     12.575550
   75  -50     13.242350
   75  -45     13.590230
   75  -40     13.984950
   75  -35     14.281770
   75  -30     14.490700
   75  -25     14.508830
   75  -20     14.846800
   75  -15     15.227550
   75  -10     15.437850
   75   -5     15.336120
   75    0     15.099550
   75    5     14.859780
   75   10     14.489300
   75   15     13.965130
   75   20     13.453550
   75   25     13.113980
   75   30     12.780450
   75   35     12.383900
   75   40     11.968800
   75   45     11.513880
   75   50     11.132750
   75   55     10.740680
   75   60     10.244620
   75   65      9.919645
   75   70      9.668400
   75   75      9.252525
   75   80      8.895350
   75   85      8.641800
   75   90      8.452900
   70  -90      6.290000
   70  -85      7.302650
   70  -80      8.472100
   70  -75      9.549450
   70  -70     10.391300
   70  -65     11.094100
   70  -60     11.859900
   70  -55     12.831550
   70  -50     13.492900
   70  -45     13.761550
   70  -40     13.948600
   70  -35     14.154500
   70  -30     14.295700
   70  -25     14.237400
   70  -20     14.523600
   70  -15     15.051600
   70  -10     15.415400
   70   -5     15.419250
   70    0     15.335800
   70    5     15.115750
   70   10     14.748900
   70   15     14.328850
   70   20     13.865200
   70   25     13.584300
   70   30     13.238300
   70   35     12.718050
   70   40     12.273000
   70   45     11.765200
   70   50     11.329000
   70   55     10.779030
   70   60     10.240340
   70   65      9.869285
   70   70      9.581900
   70   75      9.177299
   70   80      8.857500
   70   85      8.627200
   70   90      8.452900
   65  -90      6.290000
   65  -85      7.364500
   65  -80      8.557000
   65  -75      9.684325
   65  -70     10.556600
   65  -65     11.279420
   65  -60     12.078700
   65  -55     13.009900
   65  -50     13.595700
   65  -45     13.839050
   65  -40     13.845350
   65  -35     13.925870
   65  -30     14.132650
   65  -25     14.262080
   65  -20     14.659850
   65  -15     15.213580
   65  -10     15.600400
   65   -5     15.691270
   65    0     15.580850
   65    5     15.317870
   65   10     14.940500
   65   15     14.582220
   65   20     14.275700
   65   25     14.101250
   65   30     13.804150
   65   35     13.211320
   65   40     12.630900
   65   45     11.927370
   65   50     11.416100
   65   55     10.883690
   65   60     10.289050
   65   65      9.800294
   65   70      9.470150
   65   75      9.110600
   65   80      8.829700
   65   85      8.612724
   65   90      8.452900
   60  -90      6.290000
   60  -85      7.421550
   60  -80      8.638400
   60  -75      9.812500
   60  -70     10.708000
   60  -65     11.464000
   60  -60     12.354100
   60  -55     13.237400
   60  -50     13.694800
   60  -45     13.837100
   60  -40     13.732200
   60  -35     13.656350
   60  -30     13.874600
   60  -25     14.201850
   60  -20     14.722700
   60  -15     15.282050
   60  -10     15.699600
   60   -5     15.840450
   60    0     15.711200
   60    5     15.433750
   60   10     15.098000
   60   15     14.906900
   60   20     14.813600
   60   25     14.766800
   60   30     14.566800
   60   35     13.873300
   60   40     13.003300
   60   45     12.079000
   60   50     11.526100
   60   55     10.983110
   60   60     10.250000
   60   65      9.695956
   60   70      9.346400
   60   75      9.052851
   60   80      8.809100
   60   85      8.598499
   60   90      8.452900
   55  -90      6.290000
   55  -85      7.472300
   55  -80      8.714100
   55  -75      9.930600
   55  -70     10.834250
   55  -65     11.614620
   55  -60     12.580700
   55  -55     13.414550
   55  -50     13.736300
   55  -45     13.801180
   55  -40     13.735800
   55  -35     13.580300
   55  -30     13.722850
   55  -25     14.048030
   55  -20     14.531300
   55  -15     15.069630
   55  -10     15.452350
   55   -5     15.665980
   55    0     15.647850
   55    5     15.468180
   55   10     15.317450
   55   15     15.365470
   55   20     15.469750
   55   25     15.569070
   55   30     15.444500
   55   35     14.619600
   55   40     13.484900
   55   45     12.400980
   55   50     11.700000
   55   55     11.027890
   55   60     10.197950
   55   65      9.562643
   55   70      9.232500
   55   75      9.007350
   55   80      8.791050
   55   85      8.584400
   55   90      8.452900
   50  -90      6.290000
   50  -85      7.508400
   50  -80      8.782500
   50  -75     10.021000
   50  -70     10.932800
   50  -65     11.730600
   50  -60     12.710200
   50  -55     13.474050
   50  -50     13.751700
   50  -45     13.885050
   50  -40     13.931700
   50  -35     13.820550
   50  -30     13.836900
   50  -25     14.019000
   50  -20     14.400300
   50  -15     14.975250
   50  -10     15.397900
   50   -5     15.691500
   50    0     15.827200
   50    5     15.836950
   50   10     15.867900
   50   15     16.022000
   50   20     16.203100
   50   25     16.386250
   50   30     16.291300
   50   35     15.381500
   50   40     13.800000
   50   45     12.707050
   50   50     11.750000
   50   55     10.987730
   50   60     10.048540
   50   65      9.444484
   50   70      9.148900
   50   75      8.974100
   50   80      8.771500
   50   85      8.570250
   50   90      8.452900
   45  -90      6.290000
   45  -85      7.533550
   45  -80      8.841101
   45  -75     10.111020
   45  -70     11.022600
   45  -65     11.819050
   45  -60     12.776000
   45  -55     13.478150
   45  -50     13.720350
   45  -45     13.905120
   45  -40     14.044450
   45  -35     14.018050
   45  -30     14.056500
   45  -25     14.166850
   45  -20     14.488400
   45  -15     15.150850
   45  -10     15.690150
   45   -5     16.049220
   45    0     16.358150
   45    5     16.622730
   45   10     16.781000
   45   15     16.936650
   45   20     17.099250
   45   25     17.293870
   45   30     17.055300
   45   35     15.739420
   45   40     14.000000
   45   45     12.800000
   45   50     11.750000
   45   55     10.932560
   45   60     10.000000
   45   65      9.383471
   45   70      9.110149
   45   75      8.950675
   45   80      8.748600
   45   85      8.555799
   45   90      8.452900
   40  -90      6.290000
   40  -85      7.552750
   40  -80      8.889200
   40  -75     10.186650
   40  -70     11.112400
   40  -65     11.928450
   40  -60     12.873800
   40  -55     13.506150
   40  -50     13.706200
   40  -45     13.935650
   40  -40     14.139000
   40  -35     14.154400
   40  -30     14.354000
   40  -25     14.494600
   40  -20     14.893500
   40  -15     15.551750
   40  -10     16.022700
   40   -5     16.448350
   40    0     16.951100
   40    5     17.517850
   40   10     17.905900
   40   15     18.148000
   40   20     18.420700
   40   25     18.628500
   40   30     18.180800
   40   35     16.000000
   40   40     14.000000
   40   45     12.800000
   40   50     11.700000
   40   55     10.830900
   40   60     10.000000
   40   65      9.383850
   40   70      9.112700
   40   75      8.932350
   40   80      8.722300
   40   85      8.541050
   40   90      8.452900
   35  -90      6.290000
   35  -85      7.564675
   35  -80      8.924700
   35  -75     10.248480
   35  -70     11.209450
   35  -65     12.067770
   35  -60     12.996400
   35  -55     13.605280
   35  -50     13.779250
   35  -45     14.003600
   35  -40     14.168500
   35  -35     14.331550
   35  -30     14.665550
   35  -25     14.943530
   35  -20     15.495150
   35  -15     16.132800
   35  -10     16.586400
   35   -5     17.098530
   35    0     17.830300
   35    5     18.514500
   35   10     18.992700
   35   15     19.387150
   35   20     19.851600
   35   25     19.926480
   35   30     19.052050
   35   35     15.900000
   35   40     14.000000
   35   45     12.700000
   35   50     11.600000
   35   55     10.755130
   35   60     10.000000
   35   65      9.410475
   35   70      9.140450
   35   75      8.915600
   35   80      8.693300
   35   85      8.526075
   35   90      8.452900
   30  -90      6.290000
   30  -85      7.569400
   30  -80      8.947000
   30  -75     10.295550
   30  -70     11.298900
   30  -65     12.216000
   30  -60     13.138300
   30  -55     13.691250
   30  -50     13.840100
   30  -45     14.050850
   30  -40     14.286700
   30  -35     14.657500
   30  -30     15.038900
   30  -25     15.485800
   30  -20     16.232100
   30  -15     16.962800
   30  -10     17.547700
   30   -5     18.303750
   30    0     19.056300
   30    5     19.715200
   30   10     20.218100
   30   15     20.664450
   30   20     21.000400
   30   25     21.025300
   30   30     19.995000
   30   35     15.600000
   30   40     13.800000
   30   45     12.500000
   30   50     11.500000
   30   55     10.922050
   30   60      9.975200
   30   65      9.466650
   30   70      9.159900
   30   75      8.896250
   30   80      8.662700
   30   85      8.510750
   30   90      8.452900
   25  -90      6.290000
   25  -85      7.565675
   25  -80      8.953100
   25  -75     10.318950
   25  -70     11.351850
   25  -65     12.322000
   25  -60     13.245400
   25  -55     13.681470
   25  -50     13.808000
   25  -45     14.109350
   25  -40     14.507650
   25  -35     14.987780
   25  -30     15.460250
   25  -25     16.097580
   25  -20     17.073100
   25  -15     18.112750
   25  -10     19.077200
   25   -5     20.041450
   25    0     20.863300
   25    5     21.404130
   25   10     21.793650
   25   15     22.126470
   25   20     22.210150
   25   25     22.284320
   25   30     20.903450
   25   35     15.300000
   25   40     13.500000
   25   45     12.300000
   25   50     11.450000
   25   55     10.881690
   25   60      9.983236
   25   65      9.490450
   25   70      9.149600
   25   75      8.871125
   25   80      8.632401
   25   85      8.495275
   25   90      8.452900
   20  -90      6.290000
   20  -85      7.553650
   20  -80      8.941400
   20  -75     10.314200
   20  -70     11.358700
   20  -65     12.333450
   20  -60     13.252400
   20  -55     13.664850
   20  -50     13.886400
   20  -45     14.346950
   20  -40     14.932800
   20  -35     15.534900
   20  -30     16.099400
   20  -25     16.913600
   20  -20     18.095200
   20  -15     19.398200
   20  -10     20.697600
   20   -5     21.802500
   20    0     22.676500
   20    5     23.173750
   20   10     23.275900
   20   15     23.330300
   20   20     23.406300
   20   25     23.439000
   20   30     21.784900
   20   35     15.000000
   20   40     13.200000
   20   45     12.000000
   20   50     11.300000
   20   55     10.827420
   20   60      9.980800
   20   65      9.479350
   20   70      9.118200
   20   75      8.839750
   20   80      8.603600
   20   85      8.479650
   20   90      8.452900
   15  -90      6.290000
   15  -85      7.532225
   15  -80      8.907249
   15  -75     10.274500
   15  -70     11.321600
   15  -65     12.305600
   15  -60     13.260000
   15  -55     13.729970
   15  -50     14.073350
   15  -45     14.711380
   15  -40     15.400950
   15  -35     16.256650
   15  -30     17.200550
   15  -25     18.045930
   15  -20     19.243350
   15  -15     20.682880
   15  -10     22.102850
   15   -5     23.347180
   15    0     24.360600
   15    5     24.525650
   15   10     23.847400
   15   15     23.352750
   15   20     23.323150
   15   25     22.901200
   15   30     20.775050
   15   35     14.600000
   15   40     13.000000
   15   45     11.800000
   15   50     11.193370
   15   55     10.757590
   15   60      9.929123
   15   65      9.452475
   15   70      9.075650
   15   75      8.803875
   15   80      8.577500
   15   85      8.464225
   15   90      8.452900
   10  -90      6.290000
   10  -85      7.502050
   10  -80      8.849700
   10  -75     10.199350
   10  -70     11.249100
   10  -65     12.273250
   10  -60     13.295400
   10  -55     13.974800
   10  -50     14.347300
   10  -45     14.936600
   10  -40     15.619400
   10  -35     16.713850
   10  -30     18.149000
   10  -25     19.134250
   10  -20     20.398800
   10  -15     21.794100
   10  -10     23.208600
   10   -5     24.564500
   10    0     25.135200
   10    5     24.536150
   10   10     23.554700
   10   15     22.699450
   10   20     22.362800
   10   25     21.954400
   10   30     19.795500
   10   35     14.200000
   10   40     12.500000
   10   45     11.574780
   10   50     10.862730
   10   55     10.509280
   10   60      9.860300
   10   65      9.410000
   10   70      9.023900
   10   75      8.767200
   10   80      8.554200
   10   85      8.449200
   10   90      8.452900
    5  -90      6.290000
    5  -85      7.462525
    5  -80      8.764250
    5  -75     10.085930
    5  -70     11.142650
    5  -65     12.225650
    5  -60     13.399700
    5  -55     14.241580
    5  -50     14.627600
    5  -45     15.050170
    5  -40     15.800850
    5  -35     17.131280
    5  -30     18.797350
    5  -25     20.023220
    5  -20     21.286100
    5  -15     22.667030
    5  -10     24.147250
    5   -5     25.361870
    5    0     25.371000
    5    5     24.286800
    5   10     23.406450
    5   15     22.444350
    5   20     21.751600
    5   25     20.918550
    5   30     18.588150
    5   35     13.700000
    5   40     12.300000
    5   45     11.376220
    5   50     10.739370
    5   55     10.287610
    5   60      9.781347
    5   65      9.342600
    5   70      8.964050
    5   75      8.732225
    5   80      8.533899
    5   85      8.435000
    5   90      8.452900
    0  -90      6.290000
    0  -85      7.403250
    0  -80      8.651600
    0  -75      9.939051
    0  -70     11.009000
    0  -65     12.150050
    0  -60     13.418500
    0  -55     14.314700
    0  -50     14.725400
    0  -45     14.949740
    0  -40     15.770270
    0  -35     17.660600
    0  -30     19.196300
    0  -25     20.622950
    0  -20     21.967600
    0  -15     23.329750
    0  -10     24.764600
    0   -5     25.944350
    0    0     25.631600
    0    5     24.337700
    0   10     23.416700
    0   15     22.482050
    0   20     21.528300
    0   25     19.808550
    0   30     17.000000
    0   35     13.000000
    0   40     11.948740
    0   45     11.135070
    0   50     10.509180
    0   55     10.033790
    0   60      9.681200
    0   65      9.262950
    0   70      8.910600
    0   75      8.700650
    0   80      8.516400
    0   85      8.421850
    0   90      8.452900
